Hnn=[
228852.848698, 521.373399, -75.630457, -1354.826340, 976.882889, 4230.072195, -10394.581304, -2669.163159, -13937.777259, -14167.186195, 11972.873791, 8428.661961, -23358.173390, -7610.282242, 6727.274040, 1927.744127, -4297.231316, -2991.648650, 1971.568537, 1855.231735, -1522.857911, -2852.349061, 9659.705756, -1760.444978, -6374.539219, -9842.129681, 8955.130974, -9013.071776, -567.261171, -8052.779916, 
521.373399, 242421.913399, -2025.556400, 979.995799, -26623.545121, -14373.935607, -2669.760034, 5398.222843, -2615.373797, 11973.255662, -6654.447309, -3570.939681, -7606.960332, -4302.354344, -3632.482139, -4301.225985, -19882.019020, -8859.567684, 1852.766214, -11579.390078, 16491.467516, 9658.380314, 849.822561, 2982.158756, -9844.179273, -2497.344797, 7958.687425, -563.645764, -11893.424059, 7645.541611, 
-75.630457, -2025.556400, 287853.832399, 4232.255395, -14373.547958, -18754.592934, -13939.643428, -2615.109888, -3589.268729, 8427.908694, -3570.455938, -8119.905898, 6729.221211, -3633.955263, -12376.203442, -2993.313383, -8859.722796, -4655.335272, -1519.135588, 16494.419237, -36553.030210, -1762.604245, 2984.441548, 12873.845833, 8955.707381, 7957.378784, 2185.060121, -8054.765580, 7642.108674, -53626.967791, 
-1354.826340, 979.995799, 4232.255395, 706042.033175, -3406.261278, 27923.194542, -33244.906616, 10033.223002, 438.238519, 0.000000, 0.000000, 0.000000, -5219.064843, -12034.985160, -2746.469178, 0.000000, 0.000000, 0.000000, -21534.408243, 2177.053810, -4709.336397, -31628.786008, -4140.372914, -21120.477868, -46623.752451, 9938.370622, 521.186724, 12020.283183, -1447.372799, -5009.291293, 
976.882889, -26623.545121, -14373.547958, -3406.261278, 680469.187916, 1869.285194, 10054.669323, -22697.583696, 3603.784935, 0.000000, 0.000000, 0.000000, -12033.449409, -2124.267223, -3126.500953, 0.000000, 0.000000, 0.000000, 2180.248136, -26406.157781, 14593.023800, -4156.556654, -14317.676569, 7061.363271, 9965.325507, -12283.996034, -13.943988, -1446.376730, 7753.355061, -9482.121043, 
4230.072195, -14373.935607, -18754.592934, 27923.194542, 1869.285194, 734637.369523, 431.672156, 3612.012612, 102.845970, 0.000000, 0.000000, 0.000000, -2744.702801, -3123.808078, 13463.833113, 0.000000, 0.000000, 0.000000, -4700.361709, 14587.375392, -6281.704956, -21134.628760, 7085.893873, -28479.529076, 552.837634, 33.776430, -63699.991547, -5000.658805, -9473.767982, -15942.700286, 
-10394.581304, -2669.760034, -13939.643428, -33244.906616, 10054.669323, 431.672156, 464294.114234, 12913.886715, 12136.920085, -3264.643610, -5378.806606, -4107.965356, 0.000000, 0.000000, 0.000000, 0.000000, 0.000000, 0.000000, -27772.269400, -14606.646270, 9832.247340, 0.000000, 0.000000, 0.000000, 2429.646363, 827.355170, -2716.050799, 0.000000, 0.000000, 0.000000, 
-2669.163159, 5398.222843, -2615.109888, 10033.223002, -22697.583696, 3612.012612, 12913.886715, 440352.611155, -909.593264, -5351.397207, -20345.057221, -27566.260623, 0.000000, 0.000000, 0.000000, 0.000000, 0.000000, 0.000000, -14603.894842, -8674.652465, 4467.238140, 0.000000, 0.000000, 0.000000, 798.850386, -7192.379755, 23110.589128, 0.000000, 0.000000, 0.000000, 
-13937.777259, -2615.373797, -3589.268729, 438.238519, 3603.784935, 102.845970, 12136.920085, -909.593264, 500051.002058, -4044.223335, -27577.407580, -39041.630963, 0.000000, 0.000000, 0.000000, 0.000000, 0.000000, 0.000000, 9830.631774, 4466.694740, -1004.461375, 0.000000, 0.000000, 0.000000, -2650.833581, 23150.137061, -51813.397128, 0.000000, 0.000000, 0.000000, 
-14167.186195, 11973.255662, 8427.908694, 0.000000, 0.000000, 0.000000, -3264.643610, -5351.397207, -4044.223335, 575006.004247, -3597.844904, -12929.374682, 0.000000, 0.000000, 0.000000, -48377.586279, -18743.523399, -1617.458392, -8976.065795, 611.609423, 18354.311826, 0.000000, 0.000000, 0.000000, -6156.290734, 1770.813345, -1672.640551, -849.438306, 7999.004532, -9495.021666, 
11972.873791, -6654.447309, -3570.455938, 0.000000, 0.000000, 0.000000, -5378.806606, -20345.057221, -27577.407580, -3597.844904, 557804.625450, 33062.263768, 0.000000, 0.000000, 0.000000, -18733.250220, -17573.558401, -14743.825982, 630.384816, 7554.396062, 473.603592, 0.000000, 0.000000, 0.000000, 1761.244316, -39821.510936, 4531.210530, 7998.309750, 4973.076340, 6854.296414, 
8428.661961, -3570.939681, -8119.905898, 0.000000, 0.000000, 0.000000, -4107.965356, -27566.260623, -39041.630963, -12929.374682, 33062.263768, 627202.520323, 0.000000, 0.000000, 0.000000, -1553.120052, -14872.592045, -59192.856454, 18339.232205, 485.175134, -8855.672489, 0.000000, 0.000000, 0.000000, -1670.101584, 4541.750726, 2253.834155, -9493.877561, 6853.948700, 7378.897922, 
-23358.173390, -7606.960332, 6729.221211, -5219.064843, -12033.449409, -2744.702801, 0.000000, 0.000000, 0.000000, 0.000000, 0.000000, 0.000000, 683411.357690, -4919.081070, -155.000210, -14338.663886, 13401.047100, 17604.598184, -36040.645333, 8633.029938, -26315.308881, -12510.044098, 7618.958952, -7740.598129, 0.000000, 0.000000, 0.000000, 9064.806850, -4607.718583, 11093.652497, 
-7610.282242, -4302.354344, -3633.955263, -12034.985160, -2124.267223, -3123.808078, 0.000000, 0.000000, 0.000000, 0.000000, 0.000000, 0.000000, -4919.081070, 649833.528006, -20657.722019, 13395.815411, -6031.584809, -11175.149293, 8630.036538, -5931.860645, 4822.213403, 7660.082154, -48578.326272, 26990.613283, 0.000000, 0.000000, 0.000000, -4608.375484, 8874.526722, 9290.666486, 
6727.274040, -3632.482139, -12376.203442, -2746.469178, -3126.500953, 13463.833113, 0.000000, 0.000000, 0.000000, 0.000000, 0.000000, 0.000000, -155.000210, -20657.722019, 710119.166381, 17590.786163, -11189.275146, -10865.759878, -26308.574246, 4825.726052, -20447.219385, -7788.848416, 27013.363504, -40308.389493, 0.000000, 0.000000, 0.000000, 11095.976453, 9291.855242, -8127.714160, 
1927.744127, -4301.225985, -2993.313383, 0.000000, 0.000000, 0.000000, 0.000000, 0.000000, 0.000000, -48377.586279, -18733.250220, -1553.120052, -14338.663886, 13395.815411, 17590.786163, 712399.081264, 8398.762613, -7296.409306, 6004.105072, -777.530061, -3833.877141, 0.000000, 0.000000, 0.000000, 0.000000, 0.000000, 0.000000, -34945.115427, 1884.839147, 1134.229975, 
-4297.231316, -19882.019020, -8859.722796, 0.000000, 0.000000, 0.000000, 0.000000, 0.000000, 0.000000, -18743.523399, -17573.558401, -14872.592045, 13401.047100, -6031.584809, -11189.275146, 8398.762613, 713039.415902, 34015.059908, -773.503785, 3490.343629, -14040.307163, 0.000000, 0.000000, 0.000000, 0.000000, 0.000000, 0.000000, 1879.927269, -42505.986036, 13284.132141, 
-2991.648650, -8859.567684, -4655.335272, 0.000000, 0.000000, 0.000000, 0.000000, 0.000000, 0.000000, -1617.458392, -14743.825982, -59192.856454, 17604.598184, -11175.149293, -10865.759878, -7296.409306, 34015.059908, 779698.317570, -3842.983553, -13987.791725, -37215.842012, 0.000000, 0.000000, 0.000000, 0.000000, 0.000000, 0.000000, 1125.522624, 13279.797622, -11811.412587, 
1971.568537, 1852.766214, -1519.135588, -21534.408243, 2180.248136, -4700.361709, -27772.269400, -14603.894842, 9830.631774, -8976.065795, 630.384816, 18339.232205, -36040.645333, 8630.036538, -26308.574246, 6004.105072, -773.503785, -3842.983553, 661841.897814, -1344.406077, 9818.301974, 0.000000, 0.000000, 0.000000, 0.000000, 0.000000, 0.000000, 0.000000, 0.000000, 0.000000, 
1855.231735, -11579.390078, 16494.419237, 2177.053810, -26406.157781, 14587.375392, -14606.646270, -8674.652465, 4466.694740, 611.609423, 7554.396062, 485.175134, 8633.029938, -5931.860645, 4825.726052, -777.530061, 3490.343629, -13987.791725, -1344.406077, 623509.911645, -27050.227200, 0.000000, 0.000000, 0.000000, 0.000000, 0.000000, 0.000000, 0.000000, 0.000000, 0.000000, 
-1522.857911, 16491.467516, -36553.030210, -4709.336397, 14593.023800, -6281.704956, 9832.247340, 4467.238140, -1004.461375, 18354.311826, 473.603592, -8855.672489, -26315.308881, 4822.213403, -20447.219385, -3833.877141, -14040.307163, -37215.842012, 9818.301974, -27050.227200, 714979.732682, 0.000000, 0.000000, 0.000000, 0.000000, 0.000000, 0.000000, 0.000000, 0.000000, 0.000000, 
-2852.349061, 9658.380314, -1762.604245, -31628.786008, -4156.556654, -21134.628760, 0.000000, 0.000000, 0.000000, 0.000000, 0.000000, 0.000000, -12510.044098, 7660.082154, -7788.848416, 0.000000, 0.000000, 0.000000, 0.000000, 0.000000, 0.000000, 575790.161873, -32508.312451, 3399.200357, 0.000000, 0.000000, 0.000000, -42440.530021, 14602.941263, 26940.472166, 
9659.705756, 849.822561, 2984.441548, -4140.372914, -14317.676569, 7085.893873, 0.000000, 0.000000, 0.000000, 0.000000, 0.000000, 0.000000, 7618.958952, -48578.326272, 27013.363504, 0.000000, 0.000000, 0.000000, 0.000000, 0.000000, 0.000000, -32508.312451, 572317.317614, -21927.577904, 0.000000, 0.000000, 0.000000, 14614.169666, -25688.642272, -15253.741920, 
-1760.444978, 2982.158756, 12873.845833, -21120.477868, 7061.363271, -28479.529076, 0.000000, 0.000000, 0.000000, 0.000000, 0.000000, 0.000000, -7740.598129, 26990.613283, -40308.389493, 0.000000, 0.000000, 0.000000, 0.000000, 0.000000, 0.000000, 3399.200357, -21927.577904, 603626.145180, 0.000000, 0.000000, 0.000000, 26899.021508, -15244.778837, -39006.745541, 
-6374.539219, -9844.179273, 8955.707381, -46623.752451, 9965.325507, 552.837634, 2429.646363, 798.850386, -2650.833581, -6156.290734, 1761.244316, -1670.101584, 0.000000, 0.000000, 0.000000, 0.000000, 0.000000, 0.000000, 0.000000, 0.000000, 0.000000, 0.000000, 0.000000, 0.000000, 581598.634909, 868.011304, 10152.166039, -45253.404877, -1940.280417, -15771.088107, 
-9842.129681, -2497.344797, 7957.378784, 9938.370622, -12283.996034, 33.776430, 827.355170, -7192.379755, 23150.137061, 1770.813345, -39821.510936, 4541.750726, 0.000000, 0.000000, 0.000000, 0.000000, 0.000000, 0.000000, 0.000000, 0.000000, 0.000000, 0.000000, 0.000000, 0.000000, 868.011304, 578843.791386, -24670.896131, -1942.655008, -41304.247652, -8843.091211, 
8955.130974, 7958.687425, 2185.060121, 521.186724, -13.943988, -63699.991547, -2716.050799, 23110.589128, -51813.397128, -1672.640551, 4531.210530, 2253.834155, 0.000000, 0.000000, 0.000000, 0.000000, 0.000000, 0.000000, 0.000000, 0.000000, 0.000000, 0.000000, 0.000000, 0.000000, 10152.166039, -24670.896131, 633410.341638, -15759.197342, -8798.244470, -25828.114170, 
-9013.071776, -563.645764, -8054.765580, 12020.283183, -1446.376730, -5000.658805, 0.000000, 0.000000, 0.000000, -849.438306, 7998.309750, -9493.877561, 9064.806850, -4608.375484, 11095.976453, -34945.115427, 1879.927269, 1125.522624, 0.000000, 0.000000, 0.000000, -42440.530021, 14614.169666, 26899.021508, -45253.404877, -1942.655008, -15759.197342, 728173.896536, -14366.935960, -1263.802405, 
-567.261171, -11893.424059, 7642.108674, -1447.372799, 7753.355061, -9473.767982, 0.000000, 0.000000, 0.000000, 7999.004532, 4973.076340, 6853.948700, -4607.718583, 8874.526722, 9291.855242, 1884.839147, -42505.986036, 13279.797622, 0.000000, 0.000000, 0.000000, 14602.941263, -25688.642272, -15244.778837, -1940.280417, -41304.247652, -8798.244470, -14366.935960, 718453.097322, -3755.645849, 
-8052.779916, 7645.541611, -53626.967791, -5009.291293, -9482.121043, -15942.700286, 0.000000, 0.000000, 0.000000, -9495.021666, 6854.296414, 7378.897922, 11093.652497, 9290.666486, -8127.714160, 1134.229975, 13284.132141, -11811.412587, 0.000000, 0.000000, 0.000000, 26940.472166, -15253.741920, -39006.745541, -15771.088107, -8843.091211, -25828.114170, -1263.802405, -3755.645849, 794080.513291, 

];
Hnp=[
0.000000, 0.000000, 0.000000, 
0.000000, 0.000000, 0.000000, 
0.000000, 0.000000, 0.000000, 
-108767.906460, 127994.247296, -30228.148232, 
-170176.232864, -102013.858703, -44923.781691, 
-22339.302460, -16490.934656, -237998.010851, 
-78346.999998, -115535.027227, -35962.017372, 
-61816.421819, 42248.696633, -5878.055334, 
-28709.363460, -23532.283788, -169618.803831, 
-57691.358891, -171766.689741, -52340.013467, 
32576.665743, 102897.820837, 41421.245743, 
7549.494415, 20483.403294, 77955.677575, 
110300.076291, 150675.125448, 79849.556306, 
122077.703929, -38515.909452, 20375.967826, 
-25583.297019, -27939.789868, -116638.872447, 
122262.358866, -73714.989914, -5870.617318, 
184698.237590, 102795.201764, 80941.709534, 
22528.624312, 23477.178953, 192294.338453, 
59518.396126, -70834.786689, -1266.005923, 
85540.552727, 62222.975844, 15083.765994, 
-60141.114735, -77253.399396, -289244.871313, 
31120.099527, 176111.592248, 69518.894573, 
-32687.912766, -120912.026981, -55488.388984, 
29402.907542, 7411.113024, 39032.781412, 
-96337.339363, -122959.695433, -22171.501303, 
-158959.723387, 24567.588260, -49698.663341, 
8275.137443, 3964.373119, 177717.824103, 
-7136.746390, 80924.216245, -6330.012935, 
-27309.550358, -62610.127337, -3922.305160, 
68396.639701, 86065.817776, 313917.272687, 

];
Hpn=[
0.000000, 0.000000, 0.000000, -108767.906460, -170176.232864, -22339.302460, -78346.999998, -61816.421819, -28709.363460, -57691.358891, 32576.665743, 7549.494415, 110300.076291, 122077.703929, -25583.297019, 122262.358866, 184698.237590, 22528.624312, 59518.396126, 85540.552727, -60141.114735, 31120.099527, -32687.912766, 29402.907542, -96337.339363, -158959.723387, 8275.137443, -7136.746390, -27309.550358, 68396.639701, 
0.000000, 0.000000, 0.000000, 127994.247296, -102013.858703, -16490.934656, -115535.027227, 42248.696633, -23532.283788, -171766.689741, 102897.820837, 20483.403294, 150675.125448, -38515.909452, -27939.789868, -73714.989914, 102795.201764, 23477.178953, -70834.786689, 62222.975844, -77253.399396, 176111.592248, -120912.026981, 7411.113024, -122959.695433, 24567.588260, 3964.373119, 80924.216245, -62610.127337, 86065.817776, 
0.000000, 0.000000, 0.000000, -30228.148232, -44923.781691, -237998.010851, -35962.017372, -5878.055334, -169618.803831, -52340.013467, 41421.245743, 77955.677575, 79849.556306, 20375.967826, -116638.872447, -5870.617318, 80941.709534, 192294.338453, -1266.005923, 15083.765994, -289244.871313, 69518.894573, -55488.388984, 39032.781412, -22171.501303, -49698.663341, 177717.824103, -6330.012935, -3922.305160, 313917.272687, 

];
Hpp=[
22955308.784125, 2908992.863643, 3823368.269117, 
2908992.863643, 22479509.407457, 3934512.862013, 
3823368.269117, 3934512.862013, 25326374.081283, 

];
