Hnn=[
228852.848698, 521.373399, -75.630457, -1354.826340, 976.882889, 4230.072195, -10394.581304, -2669.163159, -13937.777259, -14167.186195, 11972.873791, 8428.661961, -23358.173390, -7610.282242, 6727.274040, 1927.744127, -4297.231316, -2991.648650, 1971.568537, 1855.231735, -1522.857911, -2852.349061, 9659.705756, -1760.444978, -6374.539219, -9842.129681, 8955.130974, -9013.071776, -567.261171, -8052.779916, 
521.373399, 242421.913399, -2025.556400, 979.995799, -26623.545121, -14373.935607, -2669.760034, 5398.222843, -2615.373797, 11973.255662, -6654.447309, -3570.939681, -7606.960332, -4302.354344, -3632.482139, -4301.225985, -19882.019020, -8859.567684, 1852.766214, -11579.390078, 16491.467516, 9658.380314, 849.822561, 2982.158756, -9844.179273, -2497.344797, 7958.687425, -563.645764, -11893.424059, 7645.541611, 
-75.630457, -2025.556400, 287853.832399, 4232.255395, -14373.547958, -18754.592934, -13939.643428, -2615.109888, -3589.268729, 8427.908694, -3570.455938, -8119.905898, 6729.221211, -3633.955263, -12376.203442, -2993.313383, -8859.722796, -4655.335272, -1519.135588, 16494.419237, -36553.030210, -1762.604245, 2984.441548, 12873.845833, 8955.707381, 7957.378784, 2185.060121, -8054.765580, 7642.108674, -53626.967791, 
-1354.826340, 979.995799, 4232.255395, 706042.033175, -3406.261278, 27923.194542, -33244.906616, 10033.223002, 438.238519, 0.000000, 0.000000, 0.000000, -5219.064843, -12034.985160, -2746.469178, 0.000000, 0.000000, 0.000000, -21534.408243, 2177.053810, -4709.336397, -31628.786008, -4140.372914, -21120.477868, -46623.752451, 9938.370622, 521.186724, 12020.283183, -1447.372799, -5009.291293, 
976.882889, -26623.545121, -14373.547958, -3406.261278, 680469.187916, 1869.285194, 10054.669323, -22697.583696, 3603.784935, 0.000000, 0.000000, 0.000000, -12033.449409, -2124.267223, -3126.500953, 0.000000, 0.000000, 0.000000, 2180.248136, -26406.157781, 14593.023800, -4156.556654, -14317.676569, 7061.363271, 9965.325507, -12283.996034, -13.943988, -1446.376730, 7753.355061, -9482.121043, 
4230.072195, -14373.935607, -18754.592934, 27923.194542, 1869.285194, 734637.369523, 431.672156, 3612.012612, 102.845970, 0.000000, 0.000000, 0.000000, -2744.702801, -3123.808078, 13463.833113, 0.000000, 0.000000, 0.000000, -4700.361709, 14587.375392, -6281.704956, -21134.628760, 7085.893873, -28479.529076, 552.837634, 33.776430, -63699.991547, -5000.658805, -9473.767982, -15942.700286, 
-10394.581304, -2669.760034, -13939.643428, -33244.906616, 10054.669323, 431.672156, 464294.114234, 12913.886715, 12136.920085, -3264.643610, -5378.806606, -4107.965356, 0.000000, 0.000000, 0.000000, 0.000000, 0.000000, 0.000000, -27772.269400, -14606.646270, 9832.247340, 0.000000, 0.000000, 0.000000, 2429.646363, 827.355170, -2716.050799, 0.000000, 0.000000, 0.000000, 
-2669.163159, 5398.222843, -2615.109888, 10033.223002, -22697.583696, 3612.012612, 12913.886715, 440352.611155, -909.593264, -5351.397207, -20345.057221, -27566.260623, 0.000000, 0.000000, 0.000000, 0.000000, 0.000000, 0.000000, -14603.894842, -8674.652465, 4467.238140, 0.000000, 0.000000, 0.000000, 798.850386, -7192.379755, 23110.589128, 0.000000, 0.000000, 0.000000, 
-13937.777259, -2615.373797, -3589.268729, 438.238519, 3603.784935, 102.845970, 12136.920085, -909.593264, 500051.002058, -4044.223335, -27577.407580, -39041.630963, 0.000000, 0.000000, 0.000000, 0.000000, 0.000000, 0.000000, 9830.631774, 4466.694740, -1004.461375, 0.000000, 0.000000, 0.000000, -2650.833581, 23150.137061, -51813.397128, 0.000000, 0.000000, 0.000000, 
-14167.186195, 11973.255662, 8427.908694, 0.000000, 0.000000, 0.000000, -3264.643610, -5351.397207, -4044.223335, 575006.004247, -3597.844904, -12929.374682, 0.000000, 0.000000, 0.000000, -48377.586279, -18743.523399, -1617.458392, -8976.065795, 611.609423, 18354.311826, 0.000000, 0.000000, 0.000000, -6156.290734, 1770.813345, -1672.640551, -849.438306, 7999.004532, -9495.021666, 
11972.873791, -6654.447309, -3570.455938, 0.000000, 0.000000, 0.000000, -5378.806606, -20345.057221, -27577.407580, -3597.844904, 557804.625450, 33062.263768, 0.000000, 0.000000, 0.000000, -18733.250220, -17573.558401, -14743.825982, 630.384816, 7554.396062, 473.603592, 0.000000, 0.000000, 0.000000, 1761.244316, -39821.510936, 4531.210530, 7998.309750, 4973.076340, 6854.296414, 
8428.661961, -3570.939681, -8119.905898, 0.000000, 0.000000, 0.000000, -4107.965356, -27566.260623, -39041.630963, -12929.374682, 33062.263768, 627202.520323, 0.000000, 0.000000, 0.000000, -1553.120052, -14872.592045, -59192.856454, 18339.232205, 485.175134, -8855.672489, 0.000000, 0.000000, 0.000000, -1670.101584, 4541.750726, 2253.834155, -9493.877561, 6853.948700, 7378.897922, 
-23358.173390, -7606.960332, 6729.221211, -5219.064843, -12033.449409, -2744.702801, 0.000000, 0.000000, 0.000000, 0.000000, 0.000000, 0.000000, 683411.357690, -4919.081070, -155.000210, -14338.663886, 13401.047100, 17604.598184, -36040.645333, 8633.029938, -26315.308881, -12510.044098, 7618.958952, -7740.598129, 0.000000, 0.000000, 0.000000, 9064.806850, -4607.718583, 11093.652497, 
-7610.282242, -4302.354344, -3633.955263, -12034.985160, -2124.267223, -3123.808078, 0.000000, 0.000000, 0.000000, 0.000000, 0.000000, 0.000000, -4919.081070, 649833.528006, -20657.722019, 13395.815411, -6031.584809, -11175.149293, 8630.036538, -5931.860645, 4822.213403, 7660.082154, -48578.326272, 26990.613283, 0.000000, 0.000000, 0.000000, -4608.375484, 8874.526722, 9290.666486, 
6727.274040, -3632.482139, -12376.203442, -2746.469178, -3126.500953, 13463.833113, 0.000000, 0.000000, 0.000000, 0.000000, 0.000000, 0.000000, -155.000210, -20657.722019, 710119.166381, 17590.786163, -11189.275146, -10865.759878, -26308.574246, 4825.726052, -20447.219385, -7788.848416, 27013.363504, -40308.389493, 0.000000, 0.000000, 0.000000, 11095.976453, 9291.855242, -8127.714160, 
1927.744127, -4301.225985, -2993.313383, 0.000000, 0.000000, 0.000000, 0.000000, 0.000000, 0.000000, -48377.586279, -18733.250220, -1553.120052, -14338.663886, 13395.815411, 17590.786163, 712399.081264, 8398.762613, -7296.409306, 6004.105072, -777.530061, -3833.877141, 0.000000, 0.000000, 0.000000, 0.000000, 0.000000, 0.000000, -34945.115427, 1884.839147, 1134.229975, 
-4297.231316, -19882.019020, -8859.722796, 0.000000, 0.000000, 0.000000, 0.000000, 0.000000, 0.000000, -18743.523399, -17573.558401, -14872.592045, 13401.047100, -6031.584809, -11189.275146, 8398.762613, 713039.415902, 34015.059908, -773.503785, 3490.343629, -14040.307163, 0.000000, 0.000000, 0.000000, 0.000000, 0.000000, 0.000000, 1879.927269, -42505.986036, 13284.132141, 
-2991.648650, -8859.567684, -4655.335272, 0.000000, 0.000000, 0.000000, 0.000000, 0.000000, 0.000000, -1617.458392, -14743.825982, -59192.856454, 17604.598184, -11175.149293, -10865.759878, -7296.409306, 34015.059908, 779698.317570, -3842.983553, -13987.791725, -37215.842012, 0.000000, 0.000000, 0.000000, 0.000000, 0.000000, 0.000000, 1125.522624, 13279.797622, -11811.412587, 
1971.568537, 1852.766214, -1519.135588, -21534.408243, 2180.248136, -4700.361709, -27772.269400, -14603.894842, 9830.631774, -8976.065795, 630.384816, 18339.232205, -36040.645333, 8630.036538, -26308.574246, 6004.105072, -773.503785, -3842.983553, 661841.897814, -1344.406077, 9818.301974, 0.000000, 0.000000, 0.000000, 0.000000, 0.000000, 0.000000, 0.000000, 0.000000, 0.000000, 
1855.231735, -11579.390078, 16494.419237, 2177.053810, -26406.157781, 14587.375392, -14606.646270, -8674.652465, 4466.694740, 611.609423, 7554.396062, 485.175134, 8633.029938, -5931.860645, 4825.726052, -777.530061, 3490.343629, -13987.791725, -1344.406077, 623509.911645, -27050.227200, 0.000000, 0.000000, 0.000000, 0.000000, 0.000000, 0.000000, 0.000000, 0.000000, 0.000000, 
