param=[
0 0 0 0 0 0 1 1 1 ;
0 0 0.2995 0 0 0 1.04303 0.999211 1.00005 ;
0 0 0.596008 0 0 0 1.0477 0.997298 0.996739 ;
0 0 0.886561 0 0 0 1.07414 0.994375 0.990147 ;
0 0 1.16826 0 0 0 1.14046 0.991298 0.981497 ;
0 0 1.43828 0 0 0 1.19813 0.989354 0.971719 ;
0 0 1.69393 0 0 0 1.22035 0.989527 0.96156 ;
0 0 1.93265 0 0 0 1.21239 0.991905 0.95215 ;
0 0 2.15207 0 0 0 1.18092 0.99612 0.944419 ;
0 0 2.34998 0 0 0 1.13633 1.0018 0.938637 ;
0 0 2.52441 0 0 0 1.09377 1.00845 0.934376 ;
0 0 2.67362 0 0 0 1.06857 1.01483 0.931398 ;
0 0 2.79612 0 0 0 1.05315 1.02016 0.929706 ;
0 0 2.89067 0 0 0 1.03654 1.02502 0.929408 ;
0 0 2.95635 0 0 0 1.02374 1.02931 0.930211 ;
0 0 2.99248 0 0 0 1.01687 1.03354 0.931776 ;
0 0 2.99872 0 0 0 1.01255 1.03784 0.934081 ;
0 0 2.97499 0 0 0 1.01024 1.0419 0.937143 ;
0 0 2.92154 0 0 0 1.01121 1.04549 0.940893 ;
0 0 2.8389 0 0 0 1.01629 1.0485 0.945262 ;
0 0 2.72789 0 0 0 1.02541 1.05088 0.95021 ;
0 0 2.58963 0 0 0 1.03776 1.05265 0.955714 ;
0 0 2.42549 0 0 0 1.05207 1.05387 0.961743 ;
0 0 2.23712 0 0 0 1.06709 1.05461 0.968242 ;
0 0 2.02639 0 0 0 1.08175 1.05495 0.975122 ;
0 0 1.79542 0 0 0 1.09506 1.05501 0.982275 ;
0 0 1.5465 0 0 0 1.10478 1.05487 0.989655 ;
0 0 1.28214 0 0 0 1.11174 1.05441 0.997039 ;
0 0 1.00496 0 0 0 1.11871 1.05365 1.0041 ;
0 0 0.717748 0 0 0 1.12427 1.05275 1.01074 ;
0 0 0.42336 0 0 0 1.12808 1.05176 1.01693 ;
0 0 0.124742 0 0 0 1.13013 1.05071 1.02262 ;
0 0 0.175122 0 0 0 0.990964 1.04954 1.02682 ;
0 0 0.473237 0 0 0 0.777159 1.04314 1.02884 ;
0 0 0.766623 0 0 0 0.695561 1.03408 1.02117 ;
0 0 1.05235 0 0 0 0.808554 1.02433 1.00734 ;
0 0 1.32756 0 0 0 1.01367 1.01379 0.989651 ;
0 0 1.58951 0 0 0 1.16447 1.00392 0.970531 ;
0 0 1.83557 0 0 0 1.21308 0.995039 0.950497 ;
0 0 2.0633 0 0 0 1.21295 0.986839 0.931862 ;
0 0 2.27041 0 0 0 1.19001 0.98174 0.91678 ;
0 0 2.45483 0 0 0 1.15018 0.979113 0.905 ;
0 0 2.61473 0 0 0 1.11317 0.978352 0.894296 ;
0 0 2.7485 0 0 0 1.09886 0.978046 0.884309 ;
0 0 2.85481 0 0 0 1.09563 0.97807 0.8762 ;
0 0 2.93259 0 0 0 1.08924 0.978204 0.870544 ;
0 0 2.98107 0 0 0 1.08477 0.978459 0.867082 ;
0 0 2.99977 0 0 0 1.08245 0.979731 0.865742 ;
0 0 2.98849 0 0 0 1.08013 0.982165 0.8666 ;
0 0 2.94736 0 0 0 1.07842 0.98547 0.869641 ;
0 0 2.87677 0 0 0 1.07919 0.989387 0.874687 ;
0 0 2.77744 0 0 0 1.08355 0.993751 0.881507 ;
0 0 2.65036 0 0 0 1.09132 0.998459 0.88989 ;
0 0 2.4968 0 0 0 1.10135 1.00345 0.899647 ;
0 0 2.31829 0 0 0 1.11218 1.00872 0.910606 ;
0 0 2.11662 0 0 0 1.12234 1.01426 0.922602 ;
0 0 1.8938 0 0 0 1.12964 1.02007 0.935505 ;
0 0 1.65206 0 0 0 1.1333 1.02589 0.949086 ;
0 0 1.39381 0 0 0 1.136 1.03168 0.962937 ;
0 0 1.12163 0 0 0 1.13685 1.03749 0.976823 ;
0 0 0.838246 0 0 0 1.13587 1.0433 0.990553 ;
0 0 0.546488 0 0 0 1.13334 1.04903 1.00395 ;
0 0 0.249268 0 0 0 1.12928 1.05457 1.01686 ;
0 0 0.0504417 0 0 0 1.08978 1.06041 1.02907 ;
0 0 0.349648 0 0 0 0.840874 1.06192 1.03838 ;
0 0 0.64536 0 0 0 0.657532 1.05958 1.03894 ;
0 0 0.934624 0 0 0 0.69746 1.05615 1.03286 ;
0 0 1.21455 0 0 0 0.887489 1.05055 1.02135 ;
0 0 1.48234 0 0 0 1.08727 1.0443 1.00657 ;
0 0 1.73532 0 0 0 1.17467 1.03876 0.990316 ;
0 0 1.97096 0 0 0 1.17971 1.03286 0.973888 ;
0 0 2.18691 0 0 0 1.1553 1.02846 0.960034 ;
0 0 2.381 0 0 0 1.10875 1.02634 0.948825 ;
0 0 2.55131 0 0 0 1.06836 1.02589 0.937904 ;
0 0 2.69612 0 0 0 1.05271 1.02481 0.926861 ;
0 0 2.814 0 0 0 1.051 1.02297 0.91701 ;
0 0 2.90376 0 0 0 1.04785 1.02082 0.908939 ;
0 0 2.9645 0 0 0 1.04615 1.01854 0.902298 ;
0 0 2.99563 0 0 0 1.04678 1.01652 0.897108 ;
0 0 2.99682 0 0 0 1.04861 1.01477 0.893443 ;
0 0 2.96807 0 0 0 1.05097 1.01329 0.891514 ;
0 0 2.90967 0 0 0 1.05525 1.01206 0.891367 ;
0 0 2.82219 0 0 0 1.06325 1.01098 0.892873 ;
0 0 2.70652 0 0 0 1.07533 1.01005 0.895869 ;
0 0 2.5638 0 0 0 1.09034 1.00928 0.90023 ;
0 0 2.39546 0 0 0 1.10654 1.00878 0.905865 ;
0 0 2.20319 0 0 0 1.12229 1.00864 0.912699 ;
0 0 1.98891 0 0 0 1.13595 1.00897 0.920651 ;
0 0 1.75475 0 0 0 1.14503 1.00969 0.929657 ;
0 0 1.50306 0 0 0 1.15185 1.01067 0.939362 ;
0 0 1.23636 0 0 0 1.15677 1.01196 0.949492 ;
0 0 0.957295 0 0 0 1.15955 1.01364 0.959858 ;
0 0 0.66867 0 0 0 1.1606 1.01571 0.970307 ;
0 0 0.373363 0 0 0 1.16005 1.01811 0.980706 ;
0 0 0.0743263 0 0 0 1.15781 1.02081 0.99094 ;
0 0 0.225453 0 0 0 0.993444 1.02276 0.999781 ;
0 0 0.52298 0 0 0 0.749339 1.0199 1.0044 ;
0 0 0.815282 0 0 0 0.679098 1.01707 1.00121 ;
0 0 1.09944 0 0 0 0.799998 1.01172 0.991952 ;
0 0 1.37261 0 0 0 1.00912 1.00494 0.978767 ;
0 0 1.63206 0 0 0 1.15966 0.998864 0.964073 ;
0 0 1.87521 0 0 0 1.20543 0.994431 0.948398 ;
0 0 2.09962 0 0 0 1.19671 0.990804 0.933933 ;
0 0 2.30306 0 0 0 1.16936 0.989228 0.92283 ;
0 0 2.48348 0 0 0 1.13016 0.990579 0.914905 ;
0 0 2.63909 0 0 0 1.09245 0.993752 0.907555 ;
0 0 2.76833 0 0 0 1.076 0.997162 0.900484 ;
0 0 2.86991 0 0 0 1.06831 1.00064 0.894747 ;
0 0 2.94281 0 0 0 1.06008 1.00407 0.89094 ;
0 0 2.98631 0 0 0 1.05518 1.00715 0.888799 ;
0 0 2.99997 0 0 0 1.05228 1.01062 0.888302 ;
0 0 2.98366 0 0 0 1.0497 1.01447 0.889575 ;
0 0 2.93753 0 0 0 1.04858 1.0185 0.89259 ;
0 0 2.86206 0 0 0 1.05068 1.02257 0.89716 ;
0 0 2.75799 0 0 0 1.05691 1.02656 0.903073 ;
0 0 2.62636 0 0 0 1.06698 1.03038 0.910171 ;
0 0 2.46849 0 0 0 1.07966 1.03422 0.918337 ;
0 0 2.28595 0 0 0 1.09262 1.038 0.927379 ;
0 0 2.08058 0 0 0 1.10466 1.04152 0.937249 ;
0 0 1.85441 0 0 0 1.11452 1.04484 0.947846 ;
0 0 1.60972 0 0 0 1.12002 1.04793 0.959075 ;
0 0 1.34894 0 0 0 1.12459 1.05072 0.970523 ;
0 0 1.07469 0 0 0 1.12795 1.05331 0.981943 ;
0 0 0.789695 0 0 0 1.12959 1.05576 0.993172 ;
0 0 0.496813 0 0 0 1.12969 1.05804 1.00408 ;
0 0 0.198966 0 0 0 1.12824 1.06009 1.01454 ;
0 0 0.100869 0 0 0 1.05115 1.06246 1.02386 ;
0 0 0.399696 0 0 0 0.813084 1.06015 1.03179 ;
0 0 0.694529 0 0 0 0.676682 1.05398 1.02965 ;
0 0 0.982423 0 0 0 0.748148 1.04703 1.02113 ;
0 0 1.2605 0 0 0 0.945689 1.03884 1.00792 ;
0 0 1.52598 0 0 0 1.12654 1.0304 0.992497 ;
0 0 1.77622 0 0 0 1.19409 1.02273 0.975766 ;
0 0 2.00871 0 0 0 1.19363 1.01484 0.959488 ;
0 0 2.22113 0 0 0 1.16634 1.00907 0.946043 ;
0 0 2.41135 0 0 0 1.12234 1.00573 0.935451 ;
0 0 2.57749 0 0 0 1.08367 1.00444 0.925437 ;
0 0 2.71786 0 0 0 1.06851 1.00291 0.915581 ;
0 0 2.83109 0 0 0 1.06638 1.001 0.907015 ;
0 0 2.91602 0 0 0 1.0624 0.999109 0.90032 ;
0 0 2.97182 0 0 0 1.05979 0.997287 0.895216 ;
0 0 2.99793 0 0 0 1.0601 0.995947 0.891747 ;
0 0 2.99408 0 0 0 1.06094 0.995124 0.890015 ;
0 0 2.96032 0 0 0 1.06196 0.994977 0.890168 ;
0 0 2.89697 0 0 0 1.06495 0.995436 0.892134 ;
0 0 2.80469 0 0 0 1.0716 0.996363 0.8957 ;
0 0 2.68437 0 0 0 1.08208 0.997661 0.900668 ;
0 0 2.53724 0 0 0 1.09521 0.999293 0.906899 ;
0 0 2.36476 0 0 0 1.10933 1.00127 0.914291 ;
0 0 2.16864 0 0 0 1.12293 1.00365 0.922751 ;
0 0 1.95086 0 0 0 1.13425 1.0065 0.932191 ;
0 0 1.71359 0 0 0 1.14114 1.00964 0.942504 ;
0 0 1.4592 0 0 0 1.14638 1.01298 0.953307 ;
0 0 1.19022 0 0 0 1.14978 1.01658 0.964345 ;
0 0 0.909355 0 0 0 1.15115 1.02047 0.97543 ;
0 0 0.619402 0 0 0 1.15086 1.02464 0.98641 ;
0 0 0.323261 0 0 0 1.14898 1.02899 0.99715 ;
0 0 0.0238896 0 0 0 1.14542 1.03346 1.00753 ;
0 0 0.275721 0 0 0 0.930795 1.03566 1.01505 ;
0 0 0.572576 0 0 0 0.67901 1.03382 1.01614 ;
0 0 0.86371 0 0 0 0.647806 1.03102 1.01044 ;
0 0 1.14621 0 0 0 0.796865 1.02499 0.998639 ;
0 0 1.41727 0 0 0 1.00747 1.0178 0.982795 ;
0 0 1.67416 0 0 0 1.15425 1.01203 0.965369 ;
0 0 1.91432 0 0 0 1.1983 1.0081 0.947247 ;
0 0 2.13536 0 0 0 1.18773 1.00502 0.930995 ;
0 0 2.33506 0 0 0 1.15323 1.00368 0.918119 ;
0 0 2.51143 0 0 0 1.11456 1.00474 0.907754 ;
0 0 2.6627 0 0 0 1.08592 1.00737 0.897682 ;
0 0 2.78737 0 0 0 1.07669 1.00999 0.888382 ;
0 0 2.88419 0 0 0 1.0701 1.01244 0.880787 ;
0 0 2.9522 0 0 0 1.0623 1.01457 0.875245 ;
0 0 2.9907 0 0 0 1.05855 1.01639 0.871515 ;
0 0 2.99932 0 0 0 1.05748 1.01864 0.869694 ;
0 0 2.97798 0 0 0 1.05673 1.02116 0.869925 ;
0 0 2.92688 0 0 0 1.05732 1.02381 0.872212 ;
0 0 2.84653 0 0 0 1.06125 1.02655 0.876408 ;
0 0 2.73775 0 0 0 1.06938 1.02944 0.882279 ;
