param=[
0 0 0 0 0 0 1 1 1 ;
0 0 0.0899865 0 0 0 0.994642 0.999857 1.00024 ;
0 0 0.179892 0 0 0 0.982843 0.999584 0.99992 ;
0 0 0.269636 0 0 0 0.968416 0.999516 0.999641 ;
0 0 0.359137 0 0 0 0.955729 0.999671 0.99969 ;
];