1 1 55.7631995436484
1 31 7.86071363596517
1 43 5.38246182642467
1 52 3.82847976608899
1 73 8.87895918104207
1 133 7.10041117066521
1 172 3.08627833880136
1 739 7.85726235253866
1 742 5.27264901900405
1 745 4.6686130297093
1 955 17.1764039366704
1 964 12.5325670585627
2 2 55.7631995436484
2 32 7.86071363596517
2 44 5.38246182642467
2 53 3.82847976608899
2 74 8.87895918104207
2 134 7.10041117066521
2 173 3.08627833880136
2 740 7.85726235253866
2 743 5.27264901900405
2 746 4.6686130297093
2 956 17.1764039366704
2 965 12.5325670585627
3 3 55.7631995436484
3 33 7.86071363596517
3 45 5.38246182642467
3 54 3.82847976608899
3 75 8.87895918104207
3 135 7.10041117066521
3 174 3.08627833880136
3 741 7.85726235253866
3 744 5.27264901900405
3 747 4.6686130297093
3 957 17.1764039366704
3 966 12.5325670585627
4 4 22.9304122767608
4 181 4.38144080083423
4 190 4.04993663953328
4 193 11.4652061383804
4 301 3.9615238203097
4 307 3.84865697827165
4 871 3.12224151723649
4 874 3.56661252057549
5 5 22.9304122767608
5 182 4.38144080083423
5 191 4.04993663953328
5 194 11.4652061383804
5 302 3.9615238203097
5 308 3.84865697827165
5 872 3.12224151723649
5 875 3.56661252057549
6 6 22.9304122767608
6 183 4.38144080083423
6 192 4.04993663953328
6 195 11.4652061383804
6 303 3.9615238203097
6 309 3.84865697827165
6 873 3.12224151723649
6 876 3.56661252057549
7 7 23.1512910259816
7 28 4.75406803872555
7 52 3.09021380514337
7 55 4.01072904139601
7 172 3.5665571452244
7 175 4.4747026664514
7 868 3.25502032904083
7 964 11.5756455129908
8 8 23.1512910259816
8 29 4.75406803872555
8 53 3.09021380514337
8 56 4.01072904139601
8 173 3.5665571452244
8 176 4.4747026664514
8 869 3.25502032904083
8 965 11.5756455129908
9 9 23.1512910259816
9 30 4.75406803872555
9 54 3.09021380514337
9 57 4.01072904139601
9 174 3.5665571452244
9 177 4.4747026664514
9 870 3.25502032904083
9 966 11.5756455129908
10 10 5.46114587154299
10 16 1.13633371291269
10 40 1.5942392228588
10 70 1.55722676453486
10 85 1.17334617123663
10 997 2.73057293577149
11 11 5.46114587154299
11 17 1.13633371291269
11 41 1.5942392228588
11 71 1.55722676453486
11 86 1.17334617123663
11 998 2.73057293577149
12 12 5.46114587154299
12 18 1.13633371291269
12 42 1.5942392228588
12 72 1.55722676453486
12 87 1.17334617123663
12 999 2.73057293577149
13 13 51.4088242240287
13 28 4.02251697039814
13 40 4.18624150041861
13 46 4.61492314455308
13 55 4.67840952319579
13 58 5.12334748962595
13 73 14.8717668138987
13 166 11.2877319546395
13 352 6.64640379769704
13 355 7.86638218018645
13 928 13.8155129614298
14 14 51.4088242240287
14 29 4.02251697039814
14 41 4.18624150041861
14 47 4.61492314455308
14 56 4.67840952319579
14 59 5.12334748962595
14 74 14.8717668138987
14 167 11.2877319546395
14 353 6.64640379769704
14 356 7.86638218018645
14 929 13.8155129614298
15 15 51.4088242240287
15 30 4.02251697039814
15 42 4.18624150041861
15 48 4.61492314455308
15 57 4.67840952319579
15 60 5.12334748962595
15 75 14.8717668138987
15 168 11.2877319546395
15 354 6.64640379769704
15 357 7.86638218018645
15 930 13.8155129614298
16 10 1.13633371291269
16 16 17.1944803040681
16 34 2.42636353743031
16 37 5.82771247763366
16 70 4.66968405082642
16 85 1.1569717782112
16 139 1.17044819042869
16 970 3.86409471126234
16 997 5.54011199739678
17 11 1.13633371291269
17 17 17.1944803040681
17 35 2.42636353743031
17 38 5.82771247763366
17 71 4.66968405082642
17 86 1.1569717782112
17 140 1.17044819042869
17 971 3.86409471126234
17 998 5.54011199739678
18 12 1.13633371291269
18 18 17.1944803040681
18 36 2.42636353743031
18 39 5.82771247763366
18 72 4.66968405082642
18 87 1.1569717782112
18 141 1.17044819042869
18 972 3.86409471126234
18 999 5.54011199739678
19 19 48.5481026285959
19 211 6.42262368487737
19 268 3.92281769793109
19 370 5.86624855617804
19 391 4.70048874766894
19 436 5.99551221229033
19 700 3.8120159671127
19 703 5.15807321069383
19 835 13.5871392150643
19 844 10.2437021270169
19 985 8.97474655348961
19 1009 4.13878597057071
20 20 48.5481026285959
20 212 6.42262368487737
20 269 3.92281769793109
20 371 5.86624855617804
20 392 4.70048874766894
20 437 5.99551221229033
20 701 3.8120159671127
20 704 5.15807321069383
20 836 13.5871392150643
20 845 10.2437021270169
20 986 8.97474655348961
20 1010 4.13878597057071
21 21 48.5481026285959
21 213 6.42262368487737
21 270 3.92281769793109
21 372 5.86624855617804
21 393 4.70048874766894
21 438 5.99551221229033
21 702 3.8120159671127
21 705 5.15807321069383
21 837 13.5871392150643
21 846 10.2437021270169
21 987 8.97474655348961
21 1011 4.13878597057071
22 22 24.3104754153738
22 31 2.18747908500053
22 34 4.84135566237218
22 49 2.49158118605633
22 67 5.19720784901753
22 76 3.17177927927662
22 124 3.42832753514684
22 928 4.62710580923352
22 979 7.31388204531474
22 997 3.20699467164245
23 23 24.3104754153738
23 32 2.18747908500053
23 35 4.84135566237218
23 50 2.49158118605633
23 68 5.19720784901753
23 77 3.17177927927662
23 125 3.42832753514684
23 929 4.62710580923352
23 980 7.31388204531474
23 998 3.20699467164245
24 24 24.3104754153738
24 33 2.18747908500053
24 36 4.84135566237218
24 51 2.49158118605633
24 69 5.19720784901753
24 78 3.17177927927662
24 126 3.42832753514684
24 930 4.62710580923352
24 981 7.31388204531474
24 999 3.20699467164245
25 25 47.2695605021934
25 97 6.41912689115823
25 157 11.4101107282512
25 163 6.06082442299643
25 181 4.06024758641904
25 187 5.26641670039231
25 748 4.69826184710261
25 763 3.06585816297328
25 769 2.55750732489276
25 1018 13.4819280789173
25 1027 13.8840590101871
26 26 47.2695605021934
26 98 6.41912689115823
26 158 11.4101107282512
26 164 6.06082442299643
26 182 4.06024758641904
26 188 5.26641670039231
26 749 4.69826184710261
26 764 3.06585816297328
26 770 2.55750732489276
26 1019 13.4819280789173
26 1028 13.8840590101871
27 27 47.2695605021934
27 99 6.41912689115823
27 159 11.4101107282512
27 165 6.06082442299643
27 183 4.06024758641904
27 189 5.26641670039231
27 750 4.69826184710261
27 765 3.06585816297328
27 771 2.55750732489276
27 1020 13.4819280789173
27 1029 13.8840590101871
28 7 4.75406803872555
28 13 4.02251697039814
28 28 47.8223759244249
28 43 10.2644155423446
28 55 6.31397420484639
28 58 4.66773813594734
28 73 14.6174309391334
28 175 7.20474906342765
28 178 7.2428663923819
28 964 12.6458045994324
29 8 4.75406803872555
29 14 4.02251697039814
29 29 47.8223759244249
29 44 10.2644155423446
29 56 6.31397420484639
29 59 4.66773813594734
29 74 14.6174309391334
29 176 7.20474906342765
29 179 7.2428663923819
29 965 12.6458045994324
30 9 4.75406803872555
30 15 4.02251697039814
30 30 47.8223759244249
30 45 10.2644155423446
30 57 6.31397420484639
30 60 4.66773813594734
30 75 14.6174309391334
30 177 7.20474906342765
30 180 7.2428663923819
30 966 12.6458045994324
31 1 7.86071363596517
31 22 2.18747908500053
31 31 44.4463006251924
31 43 3.45678654396981
31 49 1.35224558712164
31 73 6.4803825137331
31 76 6.85696613422458
31 133 10.0450871502645
31 955 11.3301417266515
31 979 7.70783639609937
31 982 9.39181216475845
32 2 7.86071363596517
32 23 2.18747908500053
32 32 44.4463006251924
32 44 3.45678654396981
32 50 1.35224558712164
32 74 6.4803825137331
32 77 6.85696613422458
32 134 10.0450871502645
32 956 11.3301417266515
32 980 7.70783639609937
32 983 9.39181216475845
33 3 7.86071363596517
33 24 2.18747908500053
33 33 44.4463006251924
33 45 3.45678654396981
33 51 1.35224558712164
33 75 6.4803825137331
33 78 6.85696613422458
33 135 10.0450871502645
33 957 11.3301417266515
33 981 7.70783639609937
33 984 9.39181216475845
34 16 2.42636353743031
34 22 4.84135566237218
34 34 33.7692975411062
34 37 5.04391597447046
34 49 1.87367909315134
34 67 7.30637554517329
34 85 1.84863362950566
34 124 4.75955721232791
34 928 6.86597612629242
34 970 8.44863021324848
34 997 7.23945931768732
35 17 2.42636353743031
35 23 4.84135566237218
35 35 33.7692975411062
35 38 5.04391597447046
35 50 1.87367909315134
35 68 7.30637554517329
35 86 1.84863362950566
35 125 4.75955721232791
35 929 6.86597612629242
35 971 8.44863021324848
35 998 7.23945931768732
36 18 2.42636353743031
36 24 4.84135566237218
36 36 33.7692975411062
36 39 5.04391597447046
36 51 1.87367909315134
36 69 7.30637554517329
36 87 1.84863362950566
36 126 4.75955721232791
36 930 6.86597612629242
36 972 8.44863021324848
36 999 7.23945931768732
37 16 5.82771247763366
37 34 5.04391597447046
37 37 53.1609721622628
37 67 11.3107806805944
37 70 4.72750789328211
37 124 6.73566698723515
37 139 4.49453508794626
37 142 9.73394691739388
37 145 8.27630961241781
37 766 4.47372647521484
37 970 15.3876990128581
37 997 3.72965712434755
38 17 5.82771247763366
38 35 5.04391597447046
38 38 53.1609721622628
38 68 11.3107806805944
38 71 4.72750789328211
38 125 6.73566698723515
38 140 4.49453508794626
38 143 9.73394691739388
38 146 8.27630961241781
38 767 4.47372647521484
38 971 15.3876990128581
38 998 3.72965712434755
39 18 5.82771247763366
39 36 5.04391597447046
39 39 53.1609721622628
39 69 11.3107806805944
39 72 4.72750789328211
39 126 6.73566698723515
39 141 4.49453508794626
39 144 9.73394691739388
39 147 8.27630961241781
39 768 4.47372647521484
39 972 15.3876990128581
39 999 3.72965712434755
40 10 1.5942392228588
40 13 4.18624150041861
40 40 24.950686158591
40 46 5.75768172394598
40 58 3.84260987942512
40 70 2.17834281089548
40 85 1.94522500881094
40 94 2.68949380055781
40 928 6.94309371209691
40 997 8.2891015788769
41 11 1.5942392228588
41 14 4.18624150041861
41 41 24.950686158591
41 47 5.75768172394598
41 59 3.84260987942512
41 71 2.17834281089548
41 86 1.94522500881094
41 95 2.68949380055781
41 929 6.94309371209691
41 998 8.2891015788769
42 12 1.5942392228588
42 15 4.18624150041861
42 42 24.950686158591
42 48 5.75768172394598
42 60 3.84260987942512
42 72 2.17834281089548
42 87 1.94522500881094
42 96 2.68949380055781
42 930 6.94309371209691
42 999 8.2891015788769
43 1 5.38246182642467
43 28 10.2644155423446
43 31 3.45678654396981
43 43 42.7410538044824
43 49 3.19821029734258
43 73 12.7685723951098
43 172 3.28927584340651
43 175 6.32351614145937
43 178 6.26970830896965
43 964 11.0290911529706
43 979 2.129542654726
44 2 5.38246182642467
44 29 10.2644155423446
44 32 3.45678654396981
44 44 42.7410538044824
44 50 3.19821029734258
44 74 12.7685723951098
44 173 3.28927584340651
44 176 6.32351614145937
44 179 6.26970830896965
44 965 11.0290911529706
44 980 2.129542654726
45 3 5.38246182642467
45 30 10.2644155423446
45 33 3.45678654396981
45 45 42.7410538044824
45 51 3.19821029734258
45 75 12.7685723951098
45 174 3.28927584340651
45 177 6.32351614145937
45 180 6.26970830896965
45 966 11.0290911529706
45 981 2.129542654726
46 13 4.61492314455308
46 40 5.75768172394598
46 46 61.3597852745445
46 94 7.06225212617119
46 97 7.65070987874968
46 163 12.1678177195433
46 352 6.43805966244927
46 784 4.10303582555378
46 928 16.9460009518378
46 970 8.11544510952301
46 997 6.86029064962345
46 1018 12.3234611198662
47 14 4.61492314455308
47 41 5.75768172394598
47 47 61.3597852745445
47 95 7.06225212617119
47 98 7.65070987874968
47 164 12.1678177195433
47 353 6.43805966244927
47 785 4.10303582555378
47 929 16.9460009518378
47 971 8.11544510952301
47 998 6.86029064962345
47 1019 12.3234611198662
48 15 4.61492314455308
48 42 5.75768172394598
48 48 61.3597852745445
48 96 7.06225212617119
48 99 7.65070987874968
48 165 12.1678177195433
48 354 6.43805966244927
48 786 4.10303582555378
48 930 16.9460009518378
48 972 8.11544510952301
48 999 6.86029064962345
48 1020 12.3234611198662
49 22 2.49158118605633
49 31 1.35224558712164
49 34 1.87367909315134
49 43 3.19821029734258
49 49 26.9787344269767
49 58 6.6312763725873
49 73 5.36080342005508
49 85 2.91830420071589
49 178 3.66525737431586
49 979 6.20042590280744
49 997 6.77631820631166
50 23 2.49158118605633
50 32 1.35224558712164
50 35 1.87367909315134
50 44 3.19821029734258
50 50 26.9787344269767
50 59 6.6312763725873
50 74 5.36080342005508
50 86 2.91830420071589
50 179 3.66525737431586
50 980 6.20042590280744
50 998 6.77631820631166
51 24 2.49158118605633
51 33 1.35224558712164
51 36 1.87367909315134
51 45 3.19821029734258
51 51 26.9787344269767
51 60 6.6312763725873
51 75 5.36080342005508
51 87 2.91830420071589
51 180 3.66525737431586
51 981 6.20042590280744
51 999 6.77631820631166
52 1 3.82847976608899
52 7 3.09021380514337
52 52 16.978390456705
52 172 3.33774421034778
52 739 3.81815177070847
52 868 2.90380090441643
52 964 8.48919522835252
53 2 3.82847976608899
53 8 3.09021380514337
53 53 16.978390456705
53 173 3.33774421034778
53 740 3.81815177070847
53 869 2.90380090441643
53 965 8.48919522835252
54 3 3.82847976608899
54 9 3.09021380514337
54 54 16.978390456705
54 174 3.33774421034778
54 741 3.81815177070847
54 870 2.90380090441643
54 966 8.48919522835252
55 7 4.01072904139601
55 13 4.67840952319579
55 28 6.31397420484639
55 55 48.8486698022172
55 73 14.6341366940517
55 91 3.57465956011929
55 166 6.99390701170956
55 355 6.72797056848651
55 358 9.64502414612546
55 868 3.94217558719191
55 964 12.7520183662033
56 8 4.01072904139601
56 14 4.67840952319579
56 29 6.31397420484639
56 56 48.8486698022172
56 74 14.6341366940517
56 92 3.57465956011929
56 167 6.99390701170956
56 356 6.72797056848651
56 359 9.64502414612546
56 869 3.94217558719191
56 965 12.7520183662033
57 9 4.01072904139601
57 15 4.67840952319579
57 30 6.31397420484639
57 57 48.8486698022172
57 75 14.6341366940517
57 93 3.57465956011929
57 168 6.99390701170956
57 357 6.72797056848651
57 360 9.64502414612546
57 870 3.94217558719191
57 966 12.7520183662033
58 13 5.12334748962595
58 28 4.66773813594734
58 40 3.84260987942512
58 49 6.6312763725873
58 58 39.3127765080042
58 73 10.6052266366076
58 85 2.99852118699573
58 178 4.63841545772811
58 928 7.10885740168547
58 979 5.85386877256004
58 997 7.49930342884365
59 14 5.12334748962595
59 29 4.66773813594734
59 41 3.84260987942512
59 50 6.6312763725873
59 59 39.3127765080042
59 74 10.6052266366076
59 86 2.99852118699573
59 179 4.63841545772811
59 929 7.10885740168547
59 980 5.85386877256004
59 998 7.49930342884365
60 15 5.12334748962595
60 30 4.66773813594734
60 42 3.84260987942512
60 51 6.6312763725873
60 60 39.3127765080042
60 75 10.6052266366076
60 87 2.99852118699573
60 180 4.63841545772811
60 930 7.10885740168547
60 981 5.85386877256004
60 999 7.49930342884365
61 61 60.9438691072489
61 67 9.49257842389642
61 148 4.52127302931613
61 151 7.735718251297
61 163 9.4443665928124
61 166 9.90187213192847
61 697 7.59159260218997
61 796 5.66861890467766
61 805 7.23756290757175
61 916 3.04223547380461
61 982 15.6427790438627
61 1021 11.1372062995162
62 62 60.9438691072489
62 68 9.49257842389642
62 149 4.52127302931613
62 152 7.735718251297
62 164 9.4443665928124
62 167 9.90187213192847
62 698 7.59159260218997
62 797 5.66861890467766
62 806 7.23756290757175
62 917 3.04223547380461
62 983 15.6427790438627
62 1022 11.1372062995162
63 63 60.9438691072489
63 69 9.49257842389642
63 150 4.52127302931613
63 153 7.735718251297
63 165 9.4443665928124
63 168 9.90187213192847
63 699 7.59159260218997
63 798 5.66861890467766
63 807 7.23756290757175
63 918 3.04223547380461
63 984 15.6427790438627
63 1023 11.1372062995162
64 64 17.9435276053948
64 70 2.97805858022863
64 94 4.18807188898001
64 97 1.12571714577343
64 139 3.14600521801675
64 760 3.17466851794404
64 763 4.45672340022537
64 970 7.84604665692398
65 65 17.9435276053948
65 71 2.97805858022863
65 95 4.18807188898001
65 98 1.12571714577343
65 140 3.14600521801675
65 761 3.17466851794404
65 764 4.45672340022537
65 971 7.84604665692398
66 66 17.9435276053948
66 72 2.97805858022863
66 96 4.18807188898001
66 99 1.12571714577343
66 141 3.14600521801675
66 762 3.17466851794404
66 765 4.45672340022537
66 972 7.84604665692398
67 22 5.19720784901753
67 34 7.30637554517329
67 37 11.3107806805944
67 61 9.49257842389642
67 67 148.938234378348
67 76 14.0913208255565
67 124 14.3888066459066
67 142 12.220274842055
67 145 12.8767977061911
67 163 12.6427003238097
67 748 7.21403509433489
67 793 8.55725417487786
67 796 11.5591443370708
67 799 9.59076702330409
67 802 7.7047959406338
67 805 11.8209053642106
67 928 14.2195406224501
67 970 12.6118364412957
67 979 10.5866983962057
67 982 16.6601648933597
67 1018 13.3553664375777
68 23 5.19720784901753
68 35 7.30637554517329
68 38 11.3107806805944
68 62 9.49257842389642
68 68 148.938234378348
68 77 14.0913208255565
68 125 14.3888066459066
68 143 12.220274842055
68 146 12.8767977061911
68 164 12.6427003238097
68 749 7.21403509433489
68 794 8.55725417487786
68 797 11.5591443370708
68 800 9.59076702330409
68 803 7.7047959406338
68 806 11.8209053642106
68 929 14.2195406224501
68 971 12.6118364412957
68 980 10.5866983962057
68 983 16.6601648933597
68 1019 13.3553664375777
69 24 5.19720784901753
69 36 7.30637554517329
69 39 11.3107806805944
69 63 9.49257842389642
69 69 148.938234378348
69 78 14.0913208255565
69 126 14.3888066459066
69 144 12.220274842055
69 147 12.8767977061911
69 165 12.6427003238097
69 750 7.21403509433489
69 795 8.55725417487786
69 798 11.5591443370708
69 801 9.59076702330409
69 804 7.7047959406338
69 807 11.8209053642106
69 930 14.2195406224501
69 972 12.6118364412957
69 981 10.5866983962057
69 984 16.6601648933597
69 1020 13.3553664375777
70 10 1.55722676453486
70 16 4.66968405082642
70 37 4.72750789328211
70 40 2.17834281089548
70 64 2.97805858022863
70 70 25.6279535286871
70 94 3.96735902126907
70 139 4.4498513248469
70 970 8.8054895563144
70 997 5.10841029083282
71 11 1.55722676453486
71 17 4.66968405082642
71 38 4.72750789328211
71 41 2.17834281089548
71 65 2.97805858022863
71 71 25.6279535286871
71 95 3.96735902126907
71 140 4.4498513248469
71 971 8.8054895563144
71 998 5.10841029083282
72 12 1.55722676453486
72 18 4.66968405082642
72 39 4.72750789328211
72 42 2.17834281089548
72 66 2.97805858022863
72 72 25.6279535286871
72 96 3.96735902126907
72 141 4.4498513248469
72 972 8.8054895563144
72 999 5.10841029083282
73 1 8.87895918104207
73 13 14.8717668138987
73 28 14.6174309391334
73 31 6.4803825137331
73 43 12.7685723951098
73 49 5.36080342005508
73 55 14.6341366940517
73 58 10.6052266366076
73 73 130.653573592595
73 166 20.1671811793065
73 178 8.94104431716504
73 355 7.65057272154526
73 358 13.5362499712342
73 928 10.0021203364781
73 955 17.1912246740264
73 964 16.4075989144769
73 979 7.09083679484579
73 982 6.77625288618304
74 2 8.87895918104207
74 14 14.8717668138987
74 29 14.6174309391334
74 32 6.4803825137331
74 44 12.7685723951098
74 50 5.36080342005508
74 56 14.6341366940517
74 59 10.6052266366076
74 74 130.653573592595
74 167 20.1671811793065
74 179 8.94104431716504
74 356 7.65057272154526
74 359 13.5362499712342
74 929 10.0021203364781
74 956 17.1912246740264
74 965 16.4075989144769
74 980 7.09083679484579
74 983 6.77625288618304
75 3 8.87895918104207
75 15 14.8717668138987
75 30 14.6174309391334
75 33 6.4803825137331
75 45 12.7685723951098
75 51 5.36080342005508
75 57 14.6341366940517
75 60 10.6052266366076
75 75 130.653573592595
75 168 20.1671811793065
75 180 8.94104431716504
75 357 7.65057272154526
75 360 13.5362499712342
75 930 10.0021203364781
75 957 17.1912246740264
75 966 16.4075989144769
75 981 7.09083679484579
75 984 6.77625288618304
76 22 3.17177927927662
76 31 6.85696613422458
76 67 14.0913208255565
76 76 55.5094490329845
76 124 6.914646423453
76 133 6.26836988941326
76 148 5.24288145468479
76 793 3.68977301844515
76 796 7.49200800988663
76 979 12.1429984356847
76 982 17.3934300788516
77 23 3.17177927927662
77 32 6.85696613422458
77 68 14.0913208255565
77 77 55.5094490329845
77 125 6.914646423453
77 134 6.26836988941326
77 149 5.24288145468479
77 794 3.68977301844515
77 797 7.49200800988663
77 980 12.1429984356847
77 983 17.3934300788516
78 24 3.17177927927662
78 33 6.85696613422458
78 69 14.0913208255565
78 78 55.5094490329845
78 126 6.914646423453
78 135 6.26836988941326
78 150 5.24288145468479
78 795 3.68977301844515
78 798 7.49200800988663
78 981 12.1429984356847
78 984 17.3934300788516
79 79 55.5767701996833
79 151 4.35005159480284
79 166 10.2344588192869
79 277 16.3621421599693
79 421 7.26233007840434
79 424 5.79575456662355
79 694 6.60351303184619
79 697 9.47574187102034
79 727 5.22352511762526
79 730 4.08325775125859
79 733 4.99929198518844
79 1030 8.97508832349916
80 80 55.5767701996833
80 152 4.35005159480284
80 167 10.2344588192869
80 278 16.3621421599693
80 422 7.26233007840434
80 425 5.79575456662355
80 695 6.60351303184619
80 698 9.47574187102034
80 728 5.22352511762526
80 731 4.08325775125859
80 734 4.99929198518844
80 1031 8.97508832349916
81 81 55.5767701996833
81 153 4.35005159480284
81 168 10.2344588192869
81 279 16.3621421599693
81 423 7.26233007840434
81 426 5.79575456662355
81 696 6.60351303184619
81 699 9.47574187102034
81 729 5.22352511762526
81 732 4.08325775125859
81 735 4.99929198518844
81 1032 8.97508832349916
82 82 36.3372666650688
82 274 12.8111906209826
82 352 5.97839102611517
82 355 3.22340615904666
82 361 5.38188537591173
82 784 3.43216949600334
82 919 3.42922767491242
82 922 3.23417118707057
82 1006 6.21787488553831
82 1030 10.7975835720223
83 83 36.3372666650688
83 275 12.8111906209826
83 353 5.97839102611517
83 356 3.22340615904666
83 362 5.38188537591173
83 785 3.43216949600334
83 920 3.42922767491242
83 923 3.23417118707057
83 1007 6.21787488553831
83 1031 10.7975835720223
84 84 36.3372666650688
84 276 12.8111906209826
84 354 5.97839102611517
84 357 3.22340615904666
84 363 5.38188537591173
84 786 3.43216949600334
84 921 3.42922767491242
84 924 3.23417118707057
84 1008 6.21787488553831
84 1032 10.7975835720223
85 10 1.17334617123663
85 16 1.1569717782112
85 34 1.84863362950566
85 40 1.94522500881094
85 49 2.91830420071589
85 58 2.99852118699573
85 85 12.0410019754761
85 997 6.02050098773802
86 11 1.17334617123663
86 17 1.1569717782112
86 35 1.84863362950566
86 41 1.94522500881094
86 50 2.91830420071589
86 59 2.99852118699573
86 86 12.0410019754761
86 998 6.02050098773802
87 12 1.17334617123663
87 18 1.1569717782112
87 36 1.84863362950566
87 42 1.94522500881094
87 51 2.91830420071589
87 60 2.99852118699573
87 87 12.0410019754761
87 999 6.02050098773802
88 88 24.557346249739
88 256 3.69880772257427
88 661 5.14448923368199
88 664 4.13926496569429
88 778 4.79765059772958
88 781 3.43537616861325
88 829 3.34175756144564
88 994 12.2786731248695
89 89 24.557346249739
89 257 3.69880772257427
89 662 5.14448923368199
89 665 4.13926496569429
89 779 4.79765059772958
89 782 3.43537616861325
89 830 3.34175756144564
89 995 12.2786731248695
90 90 24.557346249739
90 258 3.69880772257427
90 663 5.14448923368199
90 666 4.13926496569429
90 780 4.79765059772958
90 783 3.43537616861325
90 831 3.34175756144564
90 996 12.2786731248695
91 55 3.57465956011929
91 91 29.8797867351114
91 358 6.75785312061504
91 727 3.8816607448399
91 736 4.18491310550932
91 739 3.33927269121901
91 868 3.99712714143132
91 955 8.02596111621739
91 964 11.0582326227158
92 56 3.57465956011929
92 92 29.8797867351114
92 359 6.75785312061504
92 728 3.8816607448399
92 737 4.18491310550932
92 740 3.33927269121901
92 869 3.99712714143132
92 956 8.02596111621739
92 965 11.0582326227158
93 57 3.57465956011929
93 93 29.8797867351114
93 360 6.75785312061504
93 729 3.8816607448399
93 738 4.18491310550932
93 741 3.33927269121901
93 870 3.99712714143132
93 957 8.02596111621739
93 966 11.0582326227158
94 40 2.68949380055781
94 46 7.06225212617119
94 64 4.18807188898001
94 70 3.96735902126907
94 94 36.184038293393
94 97 6.15556156428595
94 763 7.06240799925622
94 970 9.24696378185273
94 997 5.48896473779918
94 1018 8.41498251991728
95 41 2.68949380055781
95 47 7.06225212617119
95 65 4.18807188898001
95 71 3.96735902126907
95 95 36.184038293393
95 98 6.15556156428595
95 764 7.06240799925622
95 971 9.24696378185273
95 998 5.48896473779918
95 1019 8.41498251991728
96 42 2.68949380055781
96 48 7.06225212617119
96 66 4.18807188898001
96 72 3.96735902126907
96 96 36.184038293393
96 99 6.15556156428595
96 765 7.06240799925622
96 972 9.24696378185273
96 999 5.48896473779918
96 1020 8.41498251991728
97 25 6.41912689115823
97 46 7.65070987874968
97 64 1.12571714577343
97 94 6.15556156428595
97 97 48.5618611669247
97 163 8.48632349267745
97 181 3.51895023279781
97 763 5.37286108623742
97 784 6.25986736939915
97 874 3.21991863534071
97 1018 13.3763958354919
97 1027 11.2573596184752
98 26 6.41912689115823
98 47 7.65070987874968
98 65 1.12571714577343
98 95 6.15556156428595
98 98 48.5618611669247
98 164 8.48632349267745
98 182 3.51895023279781
98 764 5.37286108623742
98 785 6.25986736939915
98 875 3.21991863534071
98 1019 13.3763958354919
98 1028 11.2573596184752
99 27 6.41912689115823
99 48 7.65070987874968
99 66 1.12571714577343
99 96 6.15556156428595
99 99 48.5618611669247
99 165 8.48632349267745
99 183 3.51895023279781
99 765 5.37286108623742
99 786 6.25986736939915
99 876 3.21991863534071
99 1020 13.3763958354919
99 1029 11.2573596184752
100 100 78.9994827303525
100 157 8.36464804928585
100 166 4.7367801757614
100 193 4.38110704882968
100 274 10.6501414314019
100 277 11.1277248259578
100 673 7.6283782359793
100 676 6.46471932594644
100 697 4.32874804883405
100 790 11.0900000363404
100 910 8.43565453970795
100 1006 8.82988648948714
100 1015 7.23113387502792
100 1021 11.3376251945185
100 1027 13.8926768184505
101 101 78.9994827303525
101 158 8.36464804928585
101 167 4.7367801757614
101 194 4.38110704882968
101 275 10.6501414314019
101 278 11.1277248259578
101 674 7.6283782359793
101 677 6.46471932594644
101 698 4.32874804883405
101 791 11.0900000363404
101 911 8.43565453970795
101 1007 8.82988648948714
101 1016 7.23113387502792
101 1022 11.3376251945185
101 1028 13.8926768184505
102 102 78.9994827303525
102 159 8.36464804928585
102 168 4.7367801757614
102 195 4.38110704882968
102 276 10.6501414314019
102 279 11.1277248259578
102 675 7.6283782359793
102 678 6.46471932594644
102 699 4.32874804883405
102 792 11.0900000363404
102 912 8.43565453970795
102 1008 8.82988648948714
102 1017 7.23113387502792
102 1023 11.3376251945185
102 1029 13.8926768184505
103 103 49.4402450308042
103 160 3.43069841919003
103 187 7.03462677202166
103 241 4.95788364555117
103 244 5.07832972378577
103 256 5.20425797722816
103 664 7.67173736572786
103 673 5.42611987522027
103 910 7.92642684069483
103 940 17.4552959893808
103 1015 9.97499093740578
104 104 49.4402450308042
104 161 3.43069841919003
104 188 7.03462677202166
104 242 4.95788364555117
104 245 5.07832972378577
104 257 5.20425797722816
104 665 7.67173736572786
104 674 5.42611987522027
104 911 7.92642684069483
104 941 17.4552959893808
104 1016 9.97499093740578
105 105 49.4402450308042
105 162 3.43069841919003
105 189 7.03462677202166
105 243 4.95788364555117
105 246 5.07832972378577
105 258 5.20425797722816
105 666 7.67173736572786
105 675 5.42611987522027
105 912 7.92642684069483
105 942 17.4552959893808
105 1017 9.97499093740578
106 106 40.9545720425813
106 445 0.831134293055666
106 448 9.17240597593467
106 454 3.59884010300684
106 460 2.67111710418378
106 463 4.47245138674478
106 466 5.28965625626311
106 472 10.2881188785621
106 487 6.06445421278595
106 898 4.13208498223611
106 931 3.93090466711677
106 1000 10.9806902039822
107 107 40.9545720425813
107 446 0.831134293055666
107 449 9.17240597593467
107 455 3.59884010300684
107 461 2.67111710418378
107 464 4.47245138674478
107 467 5.28965625626311
107 473 10.2881188785621
107 488 6.06445421278595
107 899 4.13208498223611
107 932 3.93090466711677
107 1001 10.9806902039822
108 108 40.9545720425813
108 447 0.831134293055666
108 450 9.17240597593467
108 456 3.59884010300684
108 462 2.67111710418378
108 465 4.47245138674478
108 468 5.28965625626311
108 474 10.2881188785621
108 489 6.06445421278595
108 900 4.13208498223611
108 933 3.93090466711677
108 1002 10.9806902039822
109 109 16.8020066782432
109 274 6.82999331943623
109 784 3.08030169727487
109 871 3.51677891586161
109 874 3.05389706430654
109 880 3.86391472846527
109 919 4.85812429202025
110 110 16.8020066782432
110 275 6.82999331943623
110 785 3.08030169727487
110 872 3.51677891586161
110 875 3.05389706430654
110 881 3.86391472846527
110 920 4.85812429202025
111 111 16.8020066782432
111 276 6.82999331943623
111 786 3.08030169727487
111 873 3.51677891586161
111 876 3.05389706430654
111 882 3.86391472846527
111 921 4.85812429202025
112 112 48.8726085527594
112 211 11.8417077465097
112 265 5.68545014353657
112 304 6.90914638633339
112 307 5.7607900866365
112 310 8.70076591406752
112 364 4.78640814266697
112 367 6.89080340386339
112 880 13.5128210501658
112 883 9.22101995535921
113 113 48.8726085527594
113 212 11.8417077465097
113 266 5.68545014353657
113 305 6.90914638633339
113 308 5.7607900866365
113 311 8.70076591406752
113 365 4.78640814266697
113 368 6.89080340386339
113 881 13.5128210501658
113 884 9.22101995535921
114 114 48.8726085527594
114 213 11.8417077465097
114 267 5.68545014353657
114 306 6.90914638633339
114 309 5.7607900866365
114 312 8.70076591406752
114 366 4.78640814266697
114 369 6.89080340386339
114 882 13.5128210501658
114 885 9.22101995535921
115 115 27.4344827000853
115 535 3.59175451113516
115 538 6.79705563191574
115 541 8.22254060644798
115 613 4.02538447330858
115 757 2.95550160596442
115 820 5.43400038244862
115 937 10.1254868389075
116 116 27.4344827000853
116 536 3.59175451113516
116 539 6.79705563191574
116 542 8.22254060644798
116 614 4.02538447330858
116 758 2.95550160596442
116 821 5.43400038244862
116 938 10.1254868389075
117 117 27.4344827000853
117 537 3.59175451113516
117 540 6.79705563191574
117 543 8.22254060644798
117 615 4.02538447330858
117 759 2.95550160596442
117 822 5.43400038244862
117 939 10.1254868389075
118 118 80.376854144729
118 382 10.4043252397606
118 394 9.66230370353798
118 691 13.0375948093247
118 718 12.1114019634349
118 721 5.07954110312762
118 724 7.20349482973683
118 847 10.1839367037966
118 859 7.30757083491639
118 865 16.2406581291584
118 949 10.6041784899271
118 958 11.4278353518326
118 1033 7.30244005853993
119 119 80.376854144729
119 383 10.4043252397606
119 395 9.66230370353798
119 692 13.0375948093247
119 719 12.1114019634349
119 722 5.07954110312762
119 725 7.20349482973683
119 848 10.1839367037966
119 860 7.30757083491639
119 866 16.2406581291584
119 950 10.6041784899271
119 959 11.4278353518326
119 1034 7.30244005853993
120 120 80.376854144729
120 384 10.4043252397606
120 396 9.66230370353798
120 693 13.0375948093247
120 720 12.1114019634349
120 723 5.07954110312762
120 726 7.20349482973683
120 849 10.1839367037966
120 861 7.30757083491639
120 867 16.2406581291584
120 951 10.6041784899271
120 960 11.4278353518326
120 1035 7.30244005853993
121 121 75.0434871911904
121 196 9.9191158088988
121 220 7.99489068038659
121 451 12.9481925474443
121 751 8.01885814114103
121 808 10.4121544836561
121 811 6.16100250864211
121 883 10.6666716337746
121 931 15.8079985925687
121 940 12.5490336588626
121 967 6.34851440320447
121 994 11.7387983282064
122 122 75.0434871911904
122 197 9.9191158088988
122 221 7.99489068038659
122 452 12.9481925474443
122 752 8.01885814114103
122 809 10.4121544836561
122 812 6.16100250864211
122 884 10.6666716337746
122 932 15.8079985925687
122 941 12.5490336588626
122 968 6.34851440320447
122 995 11.7387983282064
123 123 75.0434871911904
123 198 9.9191158088988
123 222 7.99489068038659
123 453 12.9481925474443
123 753 8.01885814114103
123 810 10.4121544836561
123 813 6.16100250864211
123 885 10.6666716337746
123 933 15.8079985925687
123 942 12.5490336588626
123 969 6.34851440320447
123 996 11.7387983282064
124 22 3.42832753514684
124 34 4.75955721232791
124 37 6.73566698723515
124 67 14.3888066459066
124 76 6.914646423453
124 124 36.5823533112511
124 145 4.51874444864908
124 793 3.63335629198808
124 970 4.99301435040304
124 979 5.50141007176695
125 23 3.42832753514684
125 35 4.75955721232791
125 38 6.73566698723515
125 68 14.3888066459066
125 77 6.914646423453
125 125 36.5823533112511
125 146 4.51874444864908
125 794 3.63335629198808
125 971 4.99301435040304
125 980 5.50141007176695
126 24 3.42832753514684
126 36 4.75955721232791
126 39 6.73566698723515
126 69 14.3888066459066
126 78 6.914646423453
126 126 36.5823533112511
126 147 4.51874444864908
126 795 3.63335629198808
126 972 4.99301435040304
126 981 5.50141007176695
127 127 28.2665237988626
127 421 8.39780472905652
127 661 2.96234575996193
127 694 4.4171717968124
127 790 4.78052473395408
127 832 4.32944950633231
127 913 2.69411244518051
127 946 5.14524229149522
127 973 9.67313443550094
128 128 28.2665237988626
128 422 8.39780472905652
128 662 2.96234575996193
128 695 4.4171717968124
128 791 4.78052473395408
128 833 4.32944950633231
128 914 2.69411244518051
128 947 5.14524229149522
128 974 9.67313443550094
129 129 28.2665237988626
129 423 8.39780472905652
129 663 2.96234575996193
129 696 4.4171717968124
129 792 4.78052473395408
129 834 4.32944950633231
129 915 2.69411244518051
129 948 5.14524229149522
129 975 9.67313443550094
130 130 53.3277552844839
130 397 6.02014520525774
130 400 4.39328996997969
130 415 3.74252791164124
130 577 6.37148386079763
130 772 5.55934820161733
130 775 2.99645707612704
130 946 6.56611619123775
130 949 11.2092366907608
130 961 17.6345773034623
130 988 15.4984505158443
131 131 53.3277552844839
131 398 6.02014520525774
131 401 4.39328996997969
131 416 3.74252791164124
131 578 6.37148386079763
131 773 5.55934820161733
131 776 2.99645707612704
131 947 6.56611619123775
131 950 11.2092366907608
131 962 17.6345773034623
131 989 15.4984505158443
132 132 53.3277552844839
132 399 6.02014520525774
132 402 4.39328996997969
132 417 3.74252791164124
132 579 6.37148386079763
132 774 5.55934820161733
132 777 2.99645707612704
132 948 6.56611619123775
132 951 11.2092366907608
132 963 17.6345773034623
132 990 15.4984505158443
133 1 7.10041117066521
133 31 10.0450871502645
133 76 6.26836988941326
133 133 41.1931152390403
133 148 6.8415461683233
133 742 1.4942542426401
133 745 5.49107235272103
133 955 12.8339334874668
133 982 11.7149983970663
134 2 7.10041117066521
134 32 10.0450871502645
134 77 6.26836988941326
134 134 41.1931152390403
134 149 6.8415461683233
134 743 1.4942542426401
134 746 5.49107235272103
134 956 12.8339334874668
134 983 11.7149983970663
135 3 7.10041117066521
135 33 10.0450871502645
135 78 6.26836988941326
135 135 41.1931152390403
135 150 6.8415461683233
135 744 1.4942542426401
135 747 5.49107235272103
135 957 12.8339334874668
135 984 11.7149983970663
136 136 18.5505394540188
136 151 3.2328081203047
136 730 2.75741688528121
136 736 2.9024575206597
136 739 3.55435844110573
136 742 3.14000408604497
136 745 2.96349440062244
136 955 9.27526972700938
137 137 18.5505394540188
137 152 3.2328081203047
137 731 2.75741688528121
137 737 2.9024575206597
137 740 3.55435844110573
137 743 3.14000408604497
137 746 2.96349440062244
137 956 9.27526972700938
138 138 18.5505394540188
138 153 3.2328081203047
138 732 2.75741688528121
138 738 2.9024575206597
138 741 3.55435844110573
138 744 3.14000408604497
138 747 2.96349440062244
138 957 9.27526972700938
139 16 1.17044819042869
139 37 4.49453508794626
139 64 3.14600521801675
139 70 4.4498513248469
139 139 18.4103675371283
139 760 3.10162528484453
139 766 3.21835062147384
139 970 8.03473557813545
140 17 1.17044819042869
140 38 4.49453508794626
140 65 3.14600521801675
140 71 4.4498513248469
140 140 18.4103675371283
140 761 3.10162528484453
140 767 3.21835062147384
140 971 8.03473557813545
141 18 1.17044819042869
141 39 4.49453508794626
141 66 3.14600521801675
141 72 4.4498513248469
141 141 18.4103675371283
141 762 3.10162528484453
141 768 3.21835062147384
141 972 8.03473557813545
142 37 9.73394691739388
142 67 12.220274842055
142 142 46.366254620145
142 145 7.09101780801227
142 760 3.54586811865254
142 763 5.19173400922677
142 766 4.39420217632546
142 769 2.65091861943826
142 802 4.43791140594868
142 970 11.9316402929018
142 1018 8.35186774026289
143 38 9.73394691739388
143 68 12.220274842055
143 143 46.366254620145
143 146 7.09101780801227
143 761 3.54586811865254
143 764 5.19173400922677
143 767 4.39420217632546
143 770 2.65091861943826
143 803 4.43791140594868
143 971 11.9316402929018
143 1019 8.35186774026289
144 39 9.73394691739388
144 69 12.220274842055
144 144 46.366254620145
144 147 7.09101780801227
144 762 3.54586811865254
144 765 5.19173400922677
144 768 4.39420217632546
144 771 2.65091861943826
144 804 4.43791140594868
144 972 11.9316402929018
144 1020 8.35186774026289
145 37 8.27630961241781
145 67 12.8767977061911
145 124 4.51874444864908
145 142 7.09101780801227
145 145 29.035232155368
145 766 1.6408183714929
145 793 3.34912055462914
145 799 2.90785382102262
145 802 2.89218591063703
146 38 8.27630961241781
146 68 12.8767977061911
146 125 4.51874444864908
146 143 7.09101780801227
146 146 29.035232155368
146 767 1.6408183714929
146 794 3.34912055462914
146 800 2.90785382102262
146 803 2.89218591063703
147 39 8.27630961241781
147 69 12.8767977061911
147 126 4.51874444864908
147 144 7.09101780801227
147 147 29.035232155368
147 768 1.6408183714929
147 795 3.34912055462914
147 801 2.90785382102262
147 804 2.89218591063703
148 61 4.52127302931613
148 76 5.24288145468479
148 133 6.8415461683233
148 148 35.6549129450922
148 151 6.29571173131609
148 745 3.51880708951375
148 796 4.69019857290673
148 955 8.0633019885452
148 982 14.3086493830324
149 62 4.52127302931613
149 77 5.24288145468479
149 134 6.8415461683233
149 149 35.6549129450922
149 152 6.29571173131609
149 746 3.51880708951375
149 797 4.69019857290673
149 956 8.0633019885452
149 983 14.3086493830324
150 63 4.52127302931613
150 78 5.24288145468479
150 135 6.8415461683233
150 150 35.6549129450922
150 153 6.29571173131609
150 747 3.51880708951375
150 798 4.69019857290673
150 957 8.0633019885452
150 984 14.3086493830324
151 61 7.735718251297
151 79 4.35005159480284
151 136 3.2328081203047
151 148 6.29571173131609
151 151 47.850435288506
151 166 14.3966977926322
151 697 5.00737570018183
151 730 5.77029689061641
151 745 3.5047568383438
151 955 11.8394477981532
151 982 9.64278821511097
152 62 7.735718251297
152 80 4.35005159480284
152 137 3.2328081203047
152 149 6.29571173131609
152 152 47.850435288506
152 167 14.3966977926322
152 698 5.00737570018183
152 731 5.77029689061641
152 746 3.5047568383438
152 956 11.8394477981532
152 983 9.64278821511097
153 63 7.735718251297
153 81 4.35005159480284
153 138 3.2328081203047
153 150 6.29571173131609
153 153 47.850435288506
153 168 14.3966977926322
153 699 5.00737570018183
153 732 5.77029689061641
153 747 3.5047568383438
153 957 11.8394477981532
153 984 9.64278821511097
154 154 28.6059394781674
154 676 6.66836828689805
154 694 3.86321025812458
154 697 5.6624498840886
154 790 11.9371942998336
154 913 4.09398606209803
154 916 2.36577543925016
154 1021 8.31792498695818
155 155 28.6059394781674
155 677 6.66836828689805
155 695 3.86321025812458
155 698 5.6624498840886
155 791 11.9371942998336
155 914 4.09398606209803
155 917 2.36577543925016
155 1022 8.31792498695818
156 156 28.6059394781674
156 678 6.66836828689805
156 696 3.86321025812458
156 699 5.6624498840886
156 792 11.9371942998336
156 915 4.09398606209803
156 918 2.36577543925016
156 1023 8.31792498695818
157 25 11.4101107282512
157 100 8.36464804928585
157 157 66.8105807981572
157 163 11.0438823318482
157 187 4.78088361353663
157 673 6.39472743178123
157 676 4.85138138231068
157 748 5.85211178343262
157 805 8.25104482116554
157 916 2.46089092517163
157 1015 3.66648246898978
157 1018 10.4573116225187
157 1021 9.0993946440491
157 1027 13.5830013948946
158 26 11.4101107282512
158 101 8.36464804928585
158 158 66.8105807981572
158 164 11.0438823318482
158 188 4.78088361353663
158 674 6.39472743178123
158 677 4.85138138231068
158 749 5.85211178343262
158 806 8.25104482116554
158 917 2.46089092517163
158 1016 3.66648246898978
158 1019 10.4573116225187
158 1022 9.0993946440491
158 1028 13.5830013948946
159 27 11.4101107282512
159 102 8.36464804928585
159 159 66.8105807981572
159 165 11.0438823318482
159 189 4.78088361353663
159 675 6.39472743178123
159 678 4.85138138231068
159 750 5.85211178343262
159 807 8.25104482116554
159 918 2.46089092517163
159 1017 3.66648246898978
159 1020 10.4573116225187
