param=[
0 0 0 0 0 0 1 1 1 ;
0 0 0.2995 0 0 0 1.0003 1.00026 1.00254 ;
0 0 0.596008 0 0 0 1.00088 1.0008 1.01083 ;
0 0 0.886561 0 0 0 1.00053 1.00032 1.02568 ;
0 0 1.16826 0 0 0 0.997516 0.997014 1.04414 ;
0 0 1.43828 0 0 0 0.990949 0.989961 1.06187 ;
0 0 1.69393 0 0 0 0.981473 0.979944 1.07547 ;
0 0 1.93265 0 0 0 0.971063 0.969188 1.08356 ;
0 0 2.15207 0 0 0 0.962137 0.960356 1.08679 ;
0 0 2.34998 0 0 0 0.956546 0.955406 1.08744 ;
0 0 2.52441 0 0 0 0.954857 0.954808 1.08879 ;
0 0 2.67362 0 0 0 0.956144 0.957356 1.09395 ;
0 0 2.79612 0 0 0 0.958385 0.96069 1.10437 ;
0 0 2.89067 0 0 0 0.959386 0.962343 1.11903 ;
0 0 2.95635 0 0 0 0.957766 0.960794 1.1353 ;
0 0 2.99248 0 0 0 0.953424 0.955962 1.15034 ;
0 0 2.99872 0 0 0 0.947359 0.949007 1.16204 ;
0 0 2.97499 0 0 0 0.941075 0.941693 1.16913 ;
0 0 2.92154 0 0 0 0.935984 0.935707 1.17108 ;
0 0 2.8389 0 0 0 0.93305 0.932219 1.16787 ;
0 0 2.72789 0 0 0 0.932718 0.931752 1.15994 ;
0 0 2.58963 0 0 0 0.934998 0.934273 1.14805 ;
0 0 2.42549 0 0 0 0.939607 0.939362 1.13322 ;
0 0 2.23712 0 0 0 0.946074 0.946376 1.11647 ;
0 0 2.02639 0 0 0 0.953843 0.954601 1.09865 ;
0 0 1.79542 0 0 0 0.96238 0.963384 1.08024 ;
0 0 1.5465 0 0 0 0.971277 0.972267 1.06135 ;
0 0 1.28214 0 0 0 0.980319 0.98106 1.04191 ;
0 0 1.00496 0 0 0 0.989471 0.989813 1.02194 ;
0 0 0.717748 0 0 0 0.998789 0.998702 1.00171 ;
0 0 0.42336 0 0 0 1.00829 1.00786 0.981763 ;
0 0 0.124742 0 0 0 1.01784 1.01724 0.962811 ;
0 0 0.175122 0 0 0 1.02738 1.02675 0.94791 ;
0 0 0.473237 0 0 0 1.03769 1.03729 0.952129 ;
0 0 0.766623 0 0 0 1.04542 1.04537 0.983983 ;
0 0 1.05235 0 0 0 1.04408 1.04393 1.03409 ;
0 0 1.32756 0 0 0 1.02928 1.02818 1.08753 ;
0 0 1.58951 0 0 0 1.00189 0.99909 1.13438 ;
0 0 1.83557 0 0 0 0.967517 0.962999 1.17084 ;
0 0 2.0633 0 0 0 0.933831 0.928459 1.1971 ;
0 0 2.27041 0 0 0 0.907305 0.902509 1.21535 ;
0 0 2.45483 0 0 0 0.89124 0.888398 1.22905 ;
0 0 2.61473 0 0 0 0.885447 0.885353 1.24287 ;
0 0 2.7485 0 0 0 0.886921 0.889544 1.26198 ;
0 0 2.85481 0 0 0 0.890964 0.895573 1.2893 ;
0 0 2.93259 0 0 0 0.893017 0.89855 1.32252 ;
0 0 2.98107 0 0 0 0.890633 0.896032 1.35594 ;
0 0 2.99977 0 0 0 0.88413 0.888552 1.38413 ;
0 0 2.98849 0 0 0 0.875709 0.878667 1.40338 ;
0 0 2.94736 0 0 0 0.868011 0.86945 1.41152 ;
0 0 2.87677 0 0 0 0.863069 0.863332 1.40749 ;
0 0 2.77744 0 0 0 0.862015 0.861701 1.3912 ;
0 0 2.65036 0 0 0 0.86529 0.865046 1.36339 ;
0 0 2.4968 0 0 0 0.872945 0.873288 1.32563 ;
0 0 2.31829 0 0 0 0.884804 0.886023 1.28022 ;
0 0 2.11662 0 0 0 0.900476 0.902617 1.23002 ;
0 0 1.8938 0 0 0 0.919279 0.922186 1.17818 ;
0 0 1.65206 0 0 0 0.940204 0.943569 1.12753 ;
0 0 1.39381 0 0 0 0.962036 0.965454 1.07974 ;
0 0 1.12163 0 0 0 0.983682 0.986708 1.03502 ;
0 0 0.838246 0 0 0 1.0045 1.00673 0.992749 ;
0 0 0.546488 0 0 0 1.02439 1.02556 0.952477 ;
0 0 0.249268 0 0 0 1.04355 1.04363 0.91454 ;
0 0 0.0504417 0 0 0 1.06225 1.06141 0.881113 ;
0 0 0.349648 0 0 0 1.08142 1.08011 0.868832 ;
0 0 0.64536 0 0 0 1.09755 1.09614 0.887854 ;
0 0 0.934624 0 0 0 1.10312 1.10147 0.928077 ;
0 0 1.21455 0 0 0 1.0926 1.09007 0.972657 ;
0 0 1.48234 0 0 0 1.06618 1.06209 1.01098 ;
0 0 1.73532 0 0 0 1.02959 1.02385 1.04015 ;
0 0 1.97096 0 0 0 0.991349 0.984715 1.06236 ;
0 0 2.18691 0 0 0 0.959123 0.952946 1.08222 ;
0 0 2.381 0 0 0 0.937001 0.932615 1.10519 ;
0 0 2.55131 0 0 0 0.924696 0.922838 1.13617 ;
0 0 2.69612 0 0 0 0.918534 0.919117 1.17751 ;
0 0 2.814 0 0 0 0.913654 0.915953 1.22693 ;
0 0 2.90376 0 0 0 0.906468 0.909484 1.27865 ;
0 0 2.9645 0 0 0 0.895991 0.89878 1.32678 ;
0 0 2.99563 0 0 0 0.883508 0.885434 1.36702 ;
0 0 2.99682 0 0 0 0.871282 0.872158 1.39669 ;
0 0 2.96807 0 0 0 0.861332 0.861417 1.41425 ;
0 0 2.90967 0 0 0 0.854898 0.854747 1.41905 ;
0 0 2.82219 0 0 0 0.852529 0.852772 1.4112 ;
0 0 2.70652 0 0 0 0.854375 0.855513 1.39156 ;
0 0 2.5638 0 0 0 0.860385 0.862678 1.36159 ;
0 0 2.39546 0 0 0 0.87036 0.873803 1.32326 ;
0 0 2.20319 0 0 0 0.883922 0.888298 1.27882 ;
0 0 1.98891 0 0 0 0.9005 0.905461 1.23052 ;
0 0 1.75475 0 0 0 0.919378 0.924523 1.18029 ;
0 0 1.50306 0 0 0 0.939831 0.944756 1.12944 ;
0 0 1.23636 0 0 0 0.961283 0.965633 1.0787 ;
0 0 0.957295 0 0 0 0.983416 0.986924 1.02856 ;
0 0 0.66867 0 0 0 1.00612 1.00865 0.979718 ;
0 0 0.373363 0 0 0 1.0293 1.03086 0.933317 ;
0 0 0.0743263 0 0 0 1.05266 1.05341 0.890946 ;
0 0 0.225453 0 0 0 1.07619 1.07631 0.861445 ;
0 0 0.52298 0 0 0 1.09859 1.09839 0.862436 ;
0 0 0.815282 0 0 0 1.11324 1.11269 0.893609 ;
0 0 1.09944 0 0 0 1.11262 1.11109 0.937696 ;
0 0 1.37261 0 0 0 1.09385 1.09046 0.979412 ;
0 0 1.63206 0 0 0 1.06041 1.0547 1.01216 ;
0 0 1.87521 0 0 0 1.02035 1.01277 1.03631 ;
0 0 2.09962 0 0 0 0.982703 0.974554 1.05602 ;
0 0 2.30306 0 0 0 0.953864 0.9468 1.07695 ;
0 0 2.48348 0 0 0 0.935764 0.931035 1.10476 ;
0 0 2.63909 0 0 0 0.926064 0.924061 1.14342 ;
0 0 2.76833 0 0 0 0.919991 0.920255 1.19267 ;
0 0 2.86991 0 0 0 0.912986 0.914555 1.24757 ;
0 0 2.94281 0 0 0 0.902778 0.904597 1.30158 ;
0 0 2.98631 0 0 0 0.889787 0.891031 1.34942 ;
0 0 2.99997 0 0 0 0.876074 0.876364 1.3876 ;
0 0 2.98366 0 0 0 0.863917 0.863385 1.41405 ;
0 0 2.93753 0 0 0 0.854914 0.854086 1.42765 ;
0 0 2.86206 0 0 0 0.849858 0.849425 1.4281 ;
0 0 2.75799 0 0 0 0.849021 0.849601 1.41587 ;
0 0 2.62636 0 0 0 0.852432 0.854404 1.39212 ;
0 0 2.46849 0 0 0 0.859977 0.863425 1.35857 ;
0 0 2.28595 0 0 0 0.871391 0.876135 1.31735 ;
0 0 2.08058 0 0 0 0.886216 0.8919 1.2707 ;
0 0 1.85441 0 0 0 0.903817 0.91 1.22072 ;
0 0 1.60972 0 0 0 0.923482 0.929709 1.16907 ;
0 0 1.34894 0 0 0 0.944575 0.950426 1.11677 ;
0 0 1.07469 0 0 0 0.966676 0.97181 1.06448 ;
0 0 0.789695 0 0 0 0.989601 0.993791 1.01283 ;
0 0 0.496813 0 0 0 1.01328 1.01644 0.962831 ;
0 0 0.198966 0 0 0 1.03755 1.03973 0.91597 ;
0 0 0.100869 0 0 0 1.06208 1.06341 0.875842 ;
0 0 0.399696 0 0 0 1.08698 1.08774 0.860167 ;
0 0 0.694529 0 0 0 1.10762 1.10794 0.878335 ;
0 0 0.982423 0 0 0 1.11582 1.11531 0.917615 ;
0 0 1.2605 0 0 0 1.10611 1.10391 0.959974 ;
0 0 1.52598 0 0 0 1.07925 1.07463 0.994983 ;
0 0 1.77622 0 0 0 1.04169 1.0347 1.02049 ;
0 0 2.00871 0 0 0 1.00255 0.994213 1.03955 ;
0 0 2.22113 0 0 0 0.96978 0.96171 1.05767 ;
0 0 2.41135 0 0 0 0.947328 0.941047 1.08102 ;
0 0 2.57749 0 0 0 0.9345 0.930805 1.11476 ;
0 0 2.71786 0 0 0 0.927194 0.925958 1.16054 ;
0 0 2.83109 0 0 0 0.920433 0.92086 1.21479 ;
0 0 2.91602 0 0 0 0.910927 0.911962 1.2709 ;
0 0 2.97182 0 0 0 0.898172 0.898876 1.32281 ;
0 0 2.99793 0 0 0 0.883832 0.883655 1.36633 ;
0 0 2.99408 0 0 0 0.870291 0.869199 1.3989 ;
0 0 2.96032 0 0 0 0.859457 0.857889 1.41905 ;
0 0 2.89697 0 0 0 0.852381 0.851037 1.42613 ;
0 0 2.80469 0 0 0 0.84946 0.849047 1.42029 ;
0 0 2.68437 0 0 0 0.85077 0.851794 1.40243 ;
0 0 2.53724 0 0 0 0.856242 0.858908 1.37405 ;
0 0 2.36476 0 0 0 0.865677 0.869897 1.33707 ;
0 0 2.16864 0 0 0 0.878703 0.884162 1.29369 ;
0 0 1.95086 0 0 0 0.894758 0.901019 1.24603 ;
0 0 1.71359 0 0 0 0.913161 0.919747 1.19585 ;
0 0 1.4592 0 0 0 0.933257 0.939712 1.14436 ;
0 0 1.19022 0 0 0 0.954568 0.9605 1.09229 ;
0 0 0.909355 0 0 0 0.976858 0.981983 1.04025 ;
0 0 0.619402 0 0 0 1.00006 1.00423 0.989124 ;
0 0 0.323261 0 0 0 1.0241 1.02729 0.940268 ;
0 0 0.0238896 0 0 0 1.04862 1.05095 0.895431 ;
0 0 0.275721 0 0 0 1.07384 1.07549 0.866949 ;
0 0 0.572576 0 0 0 1.09755 1.09874 0.871406 ;
0 0 0.86371 0 0 0 1.11223 1.11278 0.904602 ;
0 0 1.14621 0 0 0 1.11049 1.10966 0.947994 ;
0 0 1.41727 0 0 0 1.09032 1.08719 0.98721 ;
0 0 1.67416 0 0 0 1.05606 1.0503 1.01684 ;
0 0 1.91432 0 0 0 1.0163 1.00852 1.03807 ;
0 0 2.13536 0 0 0 0.979996 0.971676 1.05561 ;
0 0 2.33506 0 0 0 0.953068 0.945896 1.0755 ;
0 0 2.51143 0 0 0 0.936773 0.931928 1.10363 ;
0 0 2.6627 0 0 0 0.92818 0.925928 1.1437 ;
0 0 2.78737 0 0 0 0.922255 0.922028 1.19456 ;
0 0 2.88419 0 0 0 0.914625 0.915416 1.25043 ;
0 0 2.9522 0 0 0 0.903496 0.904265 1.30461 ;
0 0 2.9907 0 0 0 0.889741 0.889738 1.35198 ;
0 0 2.99932 0 0 0 0.875649 0.874616 1.38931 ;
0 0 2.97798 0 0 0 0.863484 0.861686 1.41467 ;
0 0 2.92688 0 0 0 0.854708 0.852784 1.42707 ;
